0.000000 0.000000
0.001000 0.309017
0.002000 0.587785
0.003000 0.809017
0.004000 0.951057
0.005000 1.000000
0.006000 0.951057
0.007000 0.809017
0.008000 0.587785
0.009000 0.309017
0.010000 0.000000
0.011000 -0.309017
0.012000 -0.587785
0.013000 -0.809017
0.014000 -0.951057
0.015000 -1.000000
0.016000 -0.951057
0.017000 -0.809017
0.018000 -0.587785
0.019000 -0.309017
0.020000 -0.000000
0.021000 0.309017
0.022000 0.587785
0.023000 0.809017
0.024000 0.951057
0.025000 1.000000
0.026000 0.951057
0.027000 0.809017
0.028000 0.587785
0.029000 0.309017
0.030000 0.000000
0.031000 -0.309017
0.032000 -0.587785
0.033000 -0.809017
0.034000 -0.951057
0.035000 -1.000000
0.036000 -0.951057
0.037000 -0.809017
0.038000 -0.587785
0.039000 -0.309017
0.040000 -0.000000
0.041000 0.309017
0.042000 0.587785
0.043000 0.809017
0.044000 0.951057
0.045000 1.000000
0.046000 0.951057
0.047000 0.809017
0.048000 0.587785
0.049000 0.309017
0.050000 -0.000000
0.051000 -0.309017
0.052000 -0.587785
0.053000 -0.809017
0.054000 -0.951057
0.055000 -1.000000
0.056000 -0.951057
0.057000 -0.809017
0.058000 -0.587785
0.059000 -0.309017
0.060000 -0.000000
0.061000 0.309017
0.062000 0.587785
0.063000 0.809017
0.064000 0.951057
0.065000 1.000000
0.066000 0.951057
0.067000 0.809017
0.068000 0.587785
0.069000 0.309017
0.070000 -0.000000
0.071000 -0.309017
0.072000 -0.587785
0.073000 -0.809017
0.074000 -0.951057
0.075000 -1.000000
0.076000 -0.951057
0.077000 -0.809017
0.078000 -0.587785
0.079000 -0.309017
0.080000 -0.000000
0.081000 0.309017
0.082000 0.587785
0.083000 0.809017
0.084000 0.951057
0.085000 1.000000
0.086000 0.951057
0.087000 0.809017
0.088000 0.587785
0.089000 0.309017
0.090000 0.000000
0.091000 -0.309017
0.092000 -0.587785
0.093000 -0.809017
0.094000 -0.951057
0.095000 -1.000000
0.096000 -0.951057
0.097000 -0.809017
0.098000 -0.587785
0.099000 -0.309017
0.100000 0.000000
0.101000 0.309017
0.102000 0.587785
0.103000 0.809017
0.104000 0.951057
0.105000 1.000000
0.106000 0.951057
0.107000 0.809017
0.108000 0.587785
0.109000 0.309017
0.110000 -0.000000
0.111000 -0.309017
0.112000 -0.587785
0.113000 -0.809017
0.114000 -0.951057
0.115000 -1.000000
0.116000 -0.951057
0.117000 -0.809017
0.118000 -0.587785
0.119000 -0.309017
0.120000 -0.000000
0.121000 0.309017
0.122000 0.587785
0.123000 0.809017
0.124000 0.951057
0.125000 1.000000
0.126000 0.951057
0.127000 0.809017
0.128000 0.587785
0.129000 0.309017
0.130000 -0.000000
0.131000 -0.309017
0.132000 -0.587785
0.133000 -0.809017
0.134000 -0.951057
0.135000 -1.000000
0.136000 -0.951057
0.137000 -0.809017
0.138000 -0.587785
0.139000 -0.309017
0.140000 0.000000
0.141000 0.309017
0.142000 0.587785
0.143000 0.809017
0.144000 0.951057
0.145000 1.000000
0.146000 0.951057
0.147000 0.809017
0.148000 0.587785
0.149000 0.309017
0.150000 -0.000000
0.151000 -0.309017
0.152000 -0.587785
0.153000 -0.809017
0.154000 -0.951057
0.155000 -1.000000
0.156000 -0.951057
0.157000 -0.809017
0.158000 -0.587785
0.159000 -0.309017
0.160000 -0.000000
0.161000 0.309017
0.162000 0.587785
0.163000 0.809017
0.164000 0.951057
0.165000 1.000000
0.166000 0.951057
0.167000 0.809017
0.168000 0.587785
0.169000 0.309017
0.170000 -0.000000
0.171000 -0.309017
0.172000 -0.587785
0.173000 -0.809017
0.174000 -0.951057
0.175000 -1.000000
0.176000 -0.951057
0.177000 -0.809017
0.178000 -0.587785
0.179000 -0.309017
0.180000 -0.000000
0.181000 0.309017
0.182000 0.587785
0.183000 0.809017
0.184000 0.951057
0.185000 1.000000
0.186000 0.951057
0.187000 0.809017
0.188000 0.587785
0.189000 0.309017
0.190000 -0.000000
0.191000 -0.309017
0.192000 -0.587785
0.193000 -0.809017
0.194000 -0.951057
0.195000 -1.000000
0.196000 -0.951057
0.197000 -0.809017
0.198000 -0.587785
0.199000 -0.309017
0.200000 0.000000
0.201000 0.309017
0.202000 0.587785
0.203000 0.809017
0.204000 0.951057
0.205000 1.000000
0.206000 0.951057
0.207000 0.809017
0.208000 0.587785
0.209000 0.309017
0.210000 -0.000000
0.211000 -0.309017
0.212000 -0.587785
0.213000 -0.809017
0.214000 -0.951057
0.215000 -1.000000
0.216000 -0.951057
0.217000 -0.809017
0.218000 -0.587785
0.219000 -0.309017
0.220000 0.000000
0.221000 0.309017
0.222000 0.587785
0.223000 0.809017
0.224000 0.951057
0.225000 1.000000
0.226000 0.951057
0.227000 0.809017
0.228000 0.587785
0.229000 0.309017
0.230000 -0.000000
0.231000 -0.309017
0.232000 -0.587785
0.233000 -0.809017
0.234000 -0.951057
0.235000 -1.000000
0.236000 -0.951057
0.237000 -0.809017
0.238000 -0.587785
0.239000 -0.309017
0.240000 -0.000000
0.241000 0.309017
0.242000 0.587785
0.243000 0.809017
0.244000 0.951057
0.245000 1.000000
0.246000 0.951057
0.247000 0.809017
0.248000 0.587785
0.249000 0.309017
0.250000 -0.000000
0.251000 -0.309017
0.252000 -0.587785
0.253000 -0.809017
0.254000 -0.951057
0.255000 -1.000000
0.256000 -0.951057
0.257000 -0.809017
0.258000 -0.587785
0.259000 -0.309017
0.260000 0.000000
0.261000 0.309017
0.262000 0.587785
0.263000 0.809017
0.264000 0.951057
0.265000 1.000000
0.266000 0.951057
0.267000 0.809017
0.268000 0.587785
0.269000 0.309017
0.270000 -0.000000
0.271000 -0.309017
0.272000 -0.587785
0.273000 -0.809017
0.274000 -0.951057
0.275000 -1.000000
0.276000 -0.951057
0.277000 -0.809017
0.278000 -0.587785
0.279000 -0.309017
0.280000 0.000000
0.281000 0.309017
0.282000 0.587785
0.283000 0.809017
0.284000 0.951057
0.285000 1.000000
0.286000 0.951057
0.287000 0.809017
0.288000 0.587785
0.289000 0.309017
0.290000 -0.000000
0.291000 -0.309017
0.292000 -0.587785
0.293000 -0.809017
0.294000 -0.951057
0.295000 -1.000000
0.296000 -0.951057
0.297000 -0.809017
0.298000 -0.587785
0.299000 -0.309017
0.300000 0.000000
0.301000 0.309017
0.302000 0.587785
0.303000 0.809017
0.304000 0.951057
0.305000 1.000000
0.306000 0.951057
0.307000 0.809017
0.308000 0.587785
0.309000 0.309017
0.310000 -0.000000
0.311000 -0.309017
0.312000 -0.587785
0.313000 -0.809017
0.314000 -0.951057
0.315000 -1.000000
0.316000 -0.951057
0.317000 -0.809017
0.318000 -0.587785
0.319000 -0.309017
0.320000 -0.000000
0.321000 0.309017
0.322000 0.587785
0.323000 0.809017
0.324000 0.951057
0.325000 1.000000
0.326000 0.951057
0.327000 0.809017
0.328000 0.587785
0.329000 0.309017
0.330000 0.000000
0.331000 -0.309017
0.332000 -0.587785
0.333000 -0.809017
0.334000 -0.951057
0.335000 -1.000000
0.336000 -0.951057
0.337000 -0.809017
0.338000 -0.587785
0.339000 -0.309017
0.340000 0.000000
0.341000 0.309017
0.342000 0.587785
0.343000 0.809017
0.344000 0.951057
0.345000 1.000000
0.346000 0.951057
0.347000 0.809017
0.348000 0.587785
0.349000 0.309017
0.350000 -0.000000
0.351000 -0.309017
0.352000 -0.587785
0.353000 -0.809017
0.354000 -0.951057
0.355000 -1.000000
0.356000 -0.951057
0.357000 -0.809017
0.358000 -0.587785
0.359000 -0.309017
0.360000 -0.000000
0.361000 0.309017
0.362000 0.587785
0.363000 0.809017
0.364000 0.951057
0.365000 1.000000
0.366000 0.951057
0.367000 0.809017
0.368000 0.587785
0.369000 0.309017
0.370000 0.000000
0.371000 -0.309017
0.372000 -0.587785
0.373000 -0.809017
0.374000 -0.951057
0.375000 -1.000000
0.376000 -0.951057
0.377000 -0.809017
0.378000 -0.587785
0.379000 -0.309017
0.380000 0.000000
0.381000 0.309017
0.382000 0.587785
0.383000 0.809017
0.384000 0.951057
0.385000 1.000000
0.386000 0.951057
0.387000 0.809017
0.388000 0.587785
0.389000 0.309017
0.390000 -0.000000
0.391000 -0.309017
0.392000 -0.587785
0.393000 -0.809017
0.394000 -0.951057
0.395000 -1.000000
0.396000 -0.951057
0.397000 -0.809017
0.398000 -0.587785
0.399000 -0.309017
0.400000 0.000000
0.401000 0.309017
0.402000 0.587785
0.403000 0.809017
0.404000 0.951057
0.405000 1.000000
0.406000 0.951057
0.407000 0.809017
0.408000 0.587785
0.409000 0.309017
0.410000 -0.000000
0.411000 -0.309017
0.412000 -0.587785
0.413000 -0.809017
0.414000 -0.951057
0.415000 -1.000000
0.416000 -0.951057
0.417000 -0.809017
0.418000 -0.587785
0.419000 -0.309017
0.420000 0.000000
0.421000 0.309017
0.422000 0.587785
0.423000 0.809017
0.424000 0.951057
0.425000 1.000000
0.426000 0.951057
0.427000 0.809017
0.428000 0.587785
0.429000 0.309017
0.430000 0.000000
0.431000 -0.309017
0.432000 -0.587785
0.433000 -0.809017
0.434000 -0.951057
0.435000 -1.000000
0.436000 -0.951057
0.437000 -0.809017
0.438000 -0.587785
0.439000 -0.309017
0.440000 0.000000
0.441000 0.309017
0.442000 0.587785
0.443000 0.809017
0.444000 0.951057
0.445000 1.000000
0.446000 0.951057
0.447000 0.809017
0.448000 0.587785
0.449000 0.309017
0.450000 0.000000
0.451000 -0.309017
0.452000 -0.587785
0.453000 -0.809017
0.454000 -0.951057
0.455000 -1.000000
0.456000 -0.951057
0.457000 -0.809017
0.458000 -0.587785
0.459000 -0.309017
0.460000 0.000000
0.461000 0.309017
0.462000 0.587785
0.463000 0.809017
0.464000 0.951057
0.465000 1.000000
0.466000 0.951057
0.467000 0.809017
0.468000 0.587785
0.469000 0.309017
0.470000 -0.000000
0.471000 -0.309017
0.472000 -0.587785
0.473000 -0.809017
0.474000 -0.951057
0.475000 -1.000000
0.476000 -0.951057
0.477000 -0.809017
0.478000 -0.587785
0.479000 -0.309017
0.480000 -0.000000
0.481000 0.309017
0.482000 0.587785
0.483000 0.809017
0.484000 0.951057
0.485000 1.000000
0.486000 0.951057
0.487000 0.809017
0.488000 0.587785
0.489000 0.309017
0.490000 -0.000000
0.491000 -0.309017
0.492000 -0.587785
0.493000 -0.809017
0.494000 -0.951057
0.495000 -1.000000
0.496000 -0.951057
0.497000 -0.809017
0.498000 -0.587785
0.499000 -0.309017
0.500000 0.000000
0.501000 0.309017
0.502000 0.587785
0.503000 0.809017
0.504000 0.951057
0.505000 1.000000
0.506000 0.951057
0.507000 0.809017
0.508000 0.587785
0.509000 0.309017
0.510000 0.000000
0.511000 -0.309017
0.512000 -0.587785
0.513000 -0.809017
0.514000 -0.951057
0.515000 -1.000000
0.516000 -0.951057
0.517000 -0.809017
0.518000 -0.587785
0.519000 -0.309017
0.520000 0.000000
0.521000 0.309017
0.522000 0.587785
0.523000 0.809017
0.524000 0.951057
0.525000 1.000000
0.526000 0.951057
0.527000 0.809017
0.528000 0.587785
0.529000 0.309017
0.530000 0.000000
0.531000 -0.309017
0.532000 -0.587785
0.533000 -0.809017
0.534000 -0.951057
0.535000 -1.000000
0.536000 -0.951057
0.537000 -0.809017
0.538000 -0.587785
0.539000 -0.309017
0.540000 0.000000
0.541000 0.309017
0.542000 0.587785
0.543000 0.809017
0.544000 0.951057
0.545000 1.000000
0.546000 0.951057
0.547000 0.809017
0.548000 0.587785
0.549000 0.309017
0.550000 -0.000000
0.551000 -0.309017
0.552000 -0.587785
0.553000 -0.809017
0.554000 -0.951057
0.555000 -1.000000
0.556000 -0.951057
0.557000 -0.809017
0.558000 -0.587785
0.559000 -0.309017
0.560000 0.000000
0.561000 0.309017
0.562000 0.587785
0.563000 0.809017
0.564000 0.951057
0.565000 1.000000
0.566000 0.951057
0.567000 0.809017
0.568000 0.587785
0.569000 0.309017
0.570000 -0.000000
0.571000 -0.309017
0.572000 -0.587785
0.573000 -0.809017
0.574000 -0.951057
0.575000 -1.000000
0.576000 -0.951057
0.577000 -0.809017
0.578000 -0.587785
0.579000 -0.309017
0.580000 0.000000
0.581000 0.309017
0.582000 0.587785
0.583000 0.809017
0.584000 0.951057
0.585000 1.000000
0.586000 0.951057
0.587000 0.809017
0.588000 0.587785
0.589000 0.309017
0.590000 0.000000
0.591000 -0.309017
0.592000 -0.587785
0.593000 -0.809017
0.594000 -0.951057
0.595000 -1.000000
0.596000 -0.951057
0.597000 -0.809017
0.598000 -0.587785
0.599000 -0.309017
0.600000 0.000000
0.601000 0.309017
0.602000 0.587785
0.603000 0.809017
0.604000 0.951057
0.605000 1.000000
0.606000 0.951057
0.607000 0.809017
0.608000 0.587785
0.609000 0.309017
0.610000 0.000000
0.611000 -0.309017
0.612000 -0.587785
0.613000 -0.809017
0.614000 -0.951057
0.615000 -1.000000
0.616000 -0.951057
0.617000 -0.809017
0.618000 -0.587785
0.619000 -0.309017
0.620000 0.000000
0.621000 0.309017
0.622000 0.587785
0.623000 0.809017
0.624000 0.951057
0.625000 1.000000
0.626000 0.951057
0.627000 0.809017
0.628000 0.587785
0.629000 0.309017
0.630000 -0.000000
0.631000 -0.309017
0.632000 -0.587785
0.633000 -0.809017
0.634000 -0.951057
0.635000 -1.000000
0.636000 -0.951057
0.637000 -0.809017
0.638000 -0.587785
0.639000 -0.309017
0.640000 -0.000000
0.641000 0.309017
0.642000 0.587785
0.643000 0.809017
0.644000 0.951057
0.645000 1.000000
0.646000 0.951057
0.647000 0.809017
0.648000 0.587785
0.649000 0.309017
0.650000 -0.000000
0.651000 -0.309017
0.652000 -0.587785
0.653000 -0.809017
0.654000 -0.951057
0.655000 -1.000000
0.656000 -0.951057
0.657000 -0.809017
0.658000 -0.587785
0.659000 -0.309017
0.660000 -0.000000
0.661000 0.309017
0.662000 0.587785
0.663000 0.809017
0.664000 0.951057
0.665000 1.000000
0.666000 0.951057
0.667000 0.809017
0.668000 0.587785
0.669000 0.309017
0.670000 -0.000000
0.671000 -0.309017
0.672000 -0.587785
0.673000 -0.809017
0.674000 -0.951057
0.675000 -1.000000
0.676000 -0.951057
0.677000 -0.809017
0.678000 -0.587785
0.679000 -0.309017
0.680000 0.000000
0.681000 0.309017
0.682000 0.587785
0.683000 0.809017
0.684000 0.951057
0.685000 1.000000
0.686000 0.951057
0.687000 0.809017
0.688000 0.587785
0.689000 0.309017
0.690000 -0.000000
0.691000 -0.309017
0.692000 -0.587785
0.693000 -0.809017
0.694000 -0.951057
0.695000 -1.000000
0.696000 -0.951057
0.697000 -0.809017
0.698000 -0.587785
0.699000 -0.309017
0.700000 0.000000
0.701000 0.309017
0.702000 0.587785
0.703000 0.809017
0.704000 0.951057
0.705000 1.000000
0.706000 0.951057
0.707000 0.809017
0.708000 0.587785
0.709000 0.309017
0.710000 -0.000000
0.711000 -0.309017
0.712000 -0.587785
0.713000 -0.809017
0.714000 -0.951057
0.715000 -1.000000
0.716000 -0.951057
0.717000 -0.809017
0.718000 -0.587785
0.719000 -0.309017
0.720000 -0.000000
0.721000 0.309017
0.722000 0.587785
0.723000 0.809017
0.724000 0.951057
0.725000 1.000000
0.726000 0.951057
0.727000 0.809017
0.728000 0.587785
0.729000 0.309017
0.730000 -0.000000
0.731000 -0.309017
0.732000 -0.587785
0.733000 -0.809017
0.734000 -0.951057
0.735000 -1.000000
0.736000 -0.951057
0.737000 -0.809017
0.738000 -0.587785
0.739000 -0.309017
0.740000 -0.000000
0.741000 0.309017
0.742000 0.587785
0.743000 0.809017
0.744000 0.951057
0.745000 1.000000
0.746000 0.951057
0.747000 0.809017
0.748000 0.587785
0.749000 0.309017
0.750000 0.000000
0.751000 -0.309017
0.752000 -0.587785
0.753000 -0.809017
0.754000 -0.951057
0.755000 -1.000000
0.756000 -0.951057
0.757000 -0.809017
0.758000 -0.587785
0.759000 -0.309017
0.760000 0.000000
0.761000 0.309017
0.762000 0.587785
0.763000 0.809017
0.764000 0.951057
0.765000 1.000000
0.766000 0.951057
0.767000 0.809017
0.768000 0.587785
0.769000 0.309017
0.770000 0.000000
0.771000 -0.309017
0.772000 -0.587785
0.773000 -0.809017
0.774000 -0.951057
0.775000 -1.000000
0.776000 -0.951057
0.777000 -0.809017
0.778000 -0.587785
0.779000 -0.309017
0.780000 0.000000
0.781000 0.309017
0.782000 0.587785
0.783000 0.809017
0.784000 0.951057
0.785000 1.000000
0.786000 0.951057
0.787000 0.809017
0.788000 0.587785
0.789000 0.309017
0.790000 -0.000000
0.791000 -0.309017
0.792000 -0.587785
0.793000 -0.809017
0.794000 -0.951057
0.795000 -1.000000
0.796000 -0.951057
0.797000 -0.809017
0.798000 -0.587785
0.799000 -0.309017
0.800000 0.000000
0.801000 0.309017
0.802000 0.587785
0.803000 0.809017
0.804000 0.951057
0.805000 1.000000
0.806000 0.951057
0.807000 0.809017
0.808000 0.587785
0.809000 0.309017
0.810000 -0.000000
0.811000 -0.309017
0.812000 -0.587785
0.813000 -0.809017
0.814000 -0.951057
0.815000 -1.000000
0.816000 -0.951057
0.817000 -0.809017
0.818000 -0.587785
0.819000 -0.309017
0.820000 0.000000
0.821000 0.309017
0.822000 0.587785
0.823000 0.809017
0.824000 0.951057
0.825000 1.000000
0.826000 0.951057
0.827000 0.809017
0.828000 0.587785
0.829000 0.309017
0.830000 -0.000000
0.831000 -0.309017
0.832000 -0.587785
0.833000 -0.809017
0.834000 -0.951057
0.835000 -1.000000
0.836000 -0.951057
0.837000 -0.809017
0.838000 -0.587785
0.839000 -0.309017
0.840000 0.000000
0.841000 0.309017
0.842000 0.587785
0.843000 0.809017
0.844000 0.951057
0.845000 1.000000
0.846000 0.951057
0.847000 0.809017
0.848000 0.587785
0.849000 0.309017
0.850000 0.000000
0.851000 -0.309017
0.852000 -0.587785
0.853000 -0.809017
0.854000 -0.951057
0.855000 -1.000000
0.856000 -0.951057
0.857000 -0.809017
0.858000 -0.587785
0.859000 -0.309017
0.860000 -0.000000
0.861000 0.309017
0.862000 0.587785
0.863000 0.809017
0.864000 0.951057
0.865000 1.000000
0.866000 0.951057
0.867000 0.809017
0.868000 0.587785
0.869000 0.309017
0.870000 -0.000000
0.871000 -0.309017
0.872000 -0.587785
0.873000 -0.809017
0.874000 -0.951057
0.875000 -1.000000
0.876000 -0.951057
0.877000 -0.809017
0.878000 -0.587785
0.879000 -0.309017
0.880000 0.000000
0.881000 0.309017
0.882000 0.587785
0.883000 0.809017
0.884000 0.951057
0.885000 1.000000
0.886000 0.951057
0.887000 0.809017
0.888000 0.587785
0.889000 0.309017
0.890000 -0.000000
0.891000 -0.309017
0.892000 -0.587785
0.893000 -0.809017
0.894000 -0.951057
0.895000 -1.000000
0.896000 -0.951057
0.897000 -0.809017
0.898000 -0.587785
0.899000 -0.309017
0.900000 -0.000000
0.901000 0.309017
0.902000 0.587785
0.903000 0.809017
0.904000 0.951057
0.905000 1.000000
0.906000 0.951057
0.907000 0.809017
0.908000 0.587785
0.909000 0.309017
0.910000 0.000000
0.911000 -0.309017
0.912000 -0.587785
0.913000 -0.809017
0.914000 -0.951057
0.915000 -1.000000
0.916000 -0.951057
0.917000 -0.809017
0.918000 -0.587785
0.919000 -0.309017
0.920000 0.000000
0.921000 0.309017
0.922000 0.587785
0.923000 0.809017
0.924000 0.951057
0.925000 1.000000
0.926000 0.951057
0.927000 0.809017
0.928000 0.587785
0.929000 0.309017
0.930000 -0.000000
0.931000 -0.309017
0.932000 -0.587785
0.933000 -0.809017
0.934000 -0.951057
0.935000 -1.000000
0.936000 -0.951057
0.937000 -0.809017
0.938000 -0.587785
0.939000 -0.309017
0.940000 0.000000
0.941000 0.309017
0.942000 0.587785
0.943000 0.809017
0.944000 0.951057
0.945000 1.000000
0.946000 0.951057
0.947000 0.809017
0.948000 0.587785
0.949000 0.309017
0.950000 0.000000
0.951000 -0.309017
0.952000 -0.587785
0.953000 -0.809017
0.954000 -0.951057
0.955000 -1.000000
0.956000 -0.951057
0.957000 -0.809017
0.958000 -0.587785
0.959000 -0.309017
0.960000 -0.000000
0.961000 0.309017
0.962000 0.587785
0.963000 0.809017
0.964000 0.951057
0.965000 1.000000
0.966000 0.951057
0.967000 0.809017
0.968000 0.587785
0.969000 0.309017
0.970000 0.000000
0.971000 -0.309017
0.972000 -0.587785
0.973000 -0.809017
0.974000 -0.951057
0.975000 -1.000000
0.976000 -0.951057
0.977000 -0.809017
0.978000 -0.587785
0.979000 -0.309017
0.980000 0.000000
0.981000 0.309017
0.982000 0.587785
0.983000 0.809017
0.984000 0.951057
0.985000 1.000000
0.986000 0.951057
0.987000 0.809017
0.988000 0.587785
0.989000 0.309017
0.990000 -0.000000
0.991000 -0.309017
0.992000 -0.587785
0.993000 -0.809017
0.994000 -0.951057
0.995000 -1.000000
0.996000 -0.951057
0.997000 -0.809017
0.998000 -0.587785
0.999000 -0.309017
1.000000 0.000000
1.001000 1.902113
1.002000 1.175571
1.003000 -1.175571
1.004000 -1.902113
1.005000 0.000000
1.006000 1.902113
1.007000 1.175571
1.008000 -1.175571
1.009000 -1.902113
1.010000 -0.000000
1.011000 1.902113
1.012000 1.175571
1.013000 -1.175571
1.014000 -1.902113
1.015000 0.000000
1.016000 1.902113
1.017000 1.175571
1.018000 -1.175571
1.019000 -1.902113
1.020000 -0.000000
1.021000 1.902113
1.022000 1.175571
1.023000 -1.175571
1.024000 -1.902113
1.025000 -0.000000
1.026000 1.902113
1.027000 1.175571
1.028000 -1.175571
1.029000 -1.902113
1.030000 0.000000
1.031000 1.902113
1.032000 1.175571
1.033000 -1.175571
1.034000 -1.902113
1.035000 -0.000000
1.036000 1.902113
1.037000 1.175571
1.038000 -1.175571
1.039000 -1.902113
1.040000 0.000000
1.041000 1.902113
1.042000 1.175571
1.043000 -1.175571
1.044000 -1.902113
1.045000 -0.000000
1.046000 1.902113
1.047000 1.175571
1.048000 -1.175571
1.049000 -1.902113
1.050000 0.000000
1.051000 1.902113
1.052000 1.175571
1.053000 -1.175571
1.054000 -1.902113
1.055000 -0.000000
1.056000 1.902113
1.057000 1.175571
1.058000 -1.175571
1.059000 -1.902113
1.060000 -0.000000
1.061000 1.902113
1.062000 1.175571
1.063000 -1.175571
1.064000 -1.902113
1.065000 -0.000000
1.066000 1.902113
1.067000 1.175571
1.068000 -1.175571
1.069000 -1.902113
1.070000 0.000000
1.071000 1.902113
1.072000 1.175571
1.073000 -1.175571
1.074000 -1.902113
1.075000 -0.000000
1.076000 1.902113
1.077000 1.175571
1.078000 -1.175571
1.079000 -1.902113
1.080000 0.000000
1.081000 1.902113
1.082000 1.175571
1.083000 -1.175571
1.084000 -1.902113
1.085000 -0.000000
1.086000 1.902113
1.087000 1.175571
1.088000 -1.175571
1.089000 -1.902113
1.090000 0.000000
1.091000 1.902113
1.092000 1.175571
1.093000 -1.175571
1.094000 -1.902113
1.095000 0.000000
1.096000 1.902113
1.097000 1.175571
1.098000 -1.175571
1.099000 -1.902113
1.100000 0.000000
1.101000 1.902113
1.102000 1.175571
1.103000 -1.175571
1.104000 -1.902113
1.105000 0.000000
1.106000 1.902113
1.107000 1.175571
1.108000 -1.175571
1.109000 -1.902113
1.110000 0.000000
1.111000 1.902113
1.112000 1.175571
1.113000 -1.175571
1.114000 -1.902113
1.115000 -0.000000
1.116000 1.902113
1.117000 1.175571
1.118000 -1.175571
1.119000 -1.902113
1.120000 0.000000
1.121000 1.902113
1.122000 1.175571
1.123000 -1.175571
1.124000 -1.902113
1.125000 -0.000000
1.126000 1.902113
1.127000 1.175571
1.128000 -1.175571
1.129000 -1.902113
1.130000 0.000000
1.131000 1.902113
1.132000 1.175571
1.133000 -1.175571
1.134000 -1.902113
1.135000 0.000000
1.136000 1.902113
1.137000 1.175571
1.138000 -1.175571
1.139000 -1.902113
1.140000 0.000000
1.141000 1.902113
1.142000 1.175571
1.143000 -1.175571
1.144000 -1.902113
1.145000 0.000000
1.146000 1.902113
1.147000 1.175571
1.148000 -1.175571
1.149000 -1.902113
1.150000 0.000000
1.151000 1.902113
1.152000 1.175571
1.153000 -1.175571
1.154000 -1.902113
1.155000 0.000000
1.156000 1.902113
1.157000 1.175571
1.158000 -1.175571
1.159000 -1.902113
1.160000 0.000000
1.161000 1.902113
1.162000 1.175571
1.163000 -1.175571
1.164000 -1.902113
1.165000 -0.000000
1.166000 1.902113
1.167000 1.175571
1.168000 -1.175571
1.169000 -1.902113
1.170000 -0.000000
1.171000 1.902113
1.172000 1.175571
1.173000 -1.175571
1.174000 -1.902113
1.175000 0.000000
1.176000 1.902113
1.177000 1.175571
1.178000 -1.175571
1.179000 -1.902113
1.180000 -0.000000
1.181000 1.902113
1.182000 1.175571
1.183000 -1.175571
1.184000 -1.902113
1.185000 0.000000
1.186000 1.902113
1.187000 1.175571
1.188000 -1.175571
1.189000 -1.902113
1.190000 -0.000000
1.191000 1.902113
1.192000 1.175571
1.193000 -1.175571
1.194000 -1.902113
1.195000 0.000000
1.196000 1.902113
1.197000 1.175571
1.198000 -1.175571
1.199000 -1.902113
1.200000 0.000000
1.201000 1.902113
1.202000 1.175571
1.203000 -1.175571
1.204000 -1.902113
1.205000 0.000000
1.206000 1.902113
1.207000 1.175571
1.208000 -1.175571
1.209000 -1.902113
1.210000 0.000000
1.211000 1.902113
1.212000 1.175571
1.213000 -1.175571
1.214000 -1.902113
1.215000 0.000000
1.216000 1.902113
1.217000 1.175571
1.218000 -1.175571
1.219000 -1.902113
1.220000 -0.000000
1.221000 1.902113
1.222000 1.175571
1.223000 -1.175571
1.224000 -1.902113
1.225000 0.000000
1.226000 1.902113
1.227000 1.175571
1.228000 -1.175571
1.229000 -1.902113
1.230000 -0.000000
1.231000 1.902113
1.232000 1.175571
1.233000 -1.175571
1.234000 -1.902113
1.235000 0.000000
1.236000 1.902113
1.237000 1.175571
1.238000 -1.175571
1.239000 -1.902113
1.240000 0.000000
1.241000 1.902113
1.242000 1.175571
1.243000 -1.175571
1.244000 -1.902113
1.245000 0.000000
1.246000 1.902113
1.247000 1.175571
1.248000 -1.175571
1.249000 -1.902113
1.250000 0.000000
1.251000 1.902113
1.252000 1.175571
1.253000 -1.175571
1.254000 -1.902113
1.255000 0.000000
1.256000 1.902113
1.257000 1.175571
1.258000 -1.175571
1.259000 -1.902113
1.260000 0.000000
1.261000 1.902113
1.262000 1.175571
1.263000 -1.175571
1.264000 -1.902113
1.265000 0.000000
1.266000 1.902113
1.267000 1.175571
1.268000 -1.175571
1.269000 -1.902113
1.270000 -0.000000
1.271000 1.902113
1.272000 1.175571
1.273000 -1.175571
1.274000 -1.902113
1.275000 0.000000
1.276000 1.902113
1.277000 1.175571
1.278000 -1.175571
1.279000 -1.902113
1.280000 -0.000000
1.281000 1.902113
1.282000 1.175571
1.283000 -1.175571
1.284000 -1.902113
1.285000 -0.000000
1.286000 1.902113
1.287000 1.175571
1.288000 -1.175571
1.289000 -1.902113
1.290000 0.000000
1.291000 1.902113
1.292000 1.175571
1.293000 -1.175571
1.294000 -1.902113
1.295000 -0.000000
1.296000 1.902113
1.297000 1.175571
1.298000 -1.175571
1.299000 -1.902113
1.300000 0.000000
1.301000 1.902113
1.302000 1.175571
1.303000 -1.175571
1.304000 -1.902113
1.305000 -0.000000
1.306000 1.902113
1.307000 1.175571
1.308000 -1.175571
1.309000 -1.902113
1.310000 0.000000
1.311000 1.902113
1.312000 1.175571
1.313000 -1.175571
1.314000 -1.902113
1.315000 0.000000
1.316000 1.902113
1.317000 1.175571
1.318000 -1.175571
1.319000 -1.902113
1.320000 -0.000000
1.321000 1.902113
1.322000 1.175571
1.323000 -1.175571
1.324000 -1.902113
1.325000 -0.000000
1.326000 1.902113
1.327000 1.175571
1.328000 -1.175571
1.329000 -1.902113
1.330000 0.000000
1.331000 1.902113
1.332000 1.175571
1.333000 -1.175571
1.334000 -1.902113
1.335000 -0.000000
1.336000 1.902113
1.337000 1.175571
1.338000 -1.175571
1.339000 -1.902113
1.340000 0.000000
1.341000 1.902113
1.342000 1.175571
1.343000 -1.175571
1.344000 -1.902113
1.345000 -0.000000
1.346000 1.902113
1.347000 1.175571
1.348000 -1.175571
1.349000 -1.902113
1.350000 0.000000
1.351000 1.902113
1.352000 1.175571
1.353000 -1.175571
1.354000 -1.902113
1.355000 0.000000
1.356000 1.902113
1.357000 1.175571
1.358000 -1.175571
1.359000 -1.902113
1.360000 0.000000
1.361000 1.902113
1.362000 1.175571
1.363000 -1.175571
1.364000 -1.902113
1.365000 0.000000
1.366000 1.902113
1.367000 1.175571
1.368000 -1.175571
1.369000 -1.902113
1.370000 0.000000
1.371000 1.902113
1.372000 1.175571
1.373000 -1.175571
1.374000 -1.902113
1.375000 -0.000000
1.376000 1.902113
1.377000 1.175571
1.378000 -1.175571
1.379000 -1.902113
1.380000 0.000000
1.381000 1.902113
1.382000 1.175571
1.383000 -1.175571
1.384000 -1.902113
1.385000 -0.000000
1.386000 1.902113
1.387000 1.175571
1.388000 -1.175571
1.389000 -1.902113
1.390000 0.000000
1.391000 1.902113
1.392000 1.175571
1.393000 -1.175571
1.394000 -1.902113
1.395000 0.000000
1.396000 1.902113
1.397000 1.175571
1.398000 -1.175571
1.399000 -1.902113
1.400000 0.000000
1.401000 1.902113
1.402000 1.175571
1.403000 -1.175571
1.404000 -1.902113
1.405000 0.000000
1.406000 1.902113
1.407000 1.175571
1.408000 -1.175571
1.409000 -1.902113
1.410000 -0.000000
1.411000 1.902113
1.412000 1.175571
1.413000 -1.175571
1.414000 -1.902113
1.415000 0.000000
1.416000 1.902113
1.417000 1.175571
1.418000 -1.175571
1.419000 -1.902113
1.420000 0.000000
1.421000 1.902113
1.422000 1.175571
1.423000 -1.175571
1.424000 -1.902113
1.425000 -0.000000
1.426000 1.902113
1.427000 1.175571
1.428000 -1.175571
1.429000 -1.902113
1.430000 -0.000000
1.431000 1.902113
1.432000 1.175571
1.433000 -1.175571
1.434000 -1.902113
1.435000 0.000000
1.436000 1.902113
1.437000 1.175571
1.438000 -1.175571
1.439000 -1.902113
1.440000 -0.000000
1.441000 1.902113
1.442000 1.175571
1.443000 -1.175571
1.444000 -1.902113
1.445000 0.000000
1.446000 1.902113
1.447000 1.175571
1.448000 -1.175571
1.449000 -1.902113
1.450000 -0.000000
1.451000 1.902113
1.452000 1.175571
1.453000 -1.175571
1.454000 -1.902113
1.455000 0.000000
1.456000 1.902113
1.457000 1.175571
1.458000 -1.175571
1.459000 -1.902113
1.460000 0.000000
1.461000 1.902113
1.462000 1.175571
1.463000 -1.175571
1.464000 -1.902113
1.465000 0.000000
1.466000 1.902113
1.467000 1.175571
1.468000 -1.175571
1.469000 -1.902113
1.470000 0.000000
1.471000 1.902113
1.472000 1.175571
1.473000 -1.175571
1.474000 -1.902113
1.475000 0.000000
1.476000 1.902113
1.477000 1.175571
1.478000 -1.175571
1.479000 -1.902113
1.480000 -0.000000
1.481000 1.902113
1.482000 1.175571
1.483000 -1.175571
1.484000 -1.902113
1.485000 0.000000
1.486000 1.902113
1.487000 1.175571
1.488000 -1.175571
1.489000 -1.902113
1.490000 -0.000000
1.491000 1.902113
1.492000 1.175571
1.493000 -1.175571
1.494000 -1.902113
1.495000 0.000000
1.496000 1.902113
1.497000 1.175571
1.498000 -1.175571
1.499000 -1.902113
1.500000 -0.000000
1.501000 1.902113
1.502000 1.175571
1.503000 -1.175571
1.504000 -1.902113
1.505000 0.000000
1.506000 1.902113
1.507000 1.175571
1.508000 -1.175571
1.509000 -1.902113
1.510000 0.000000
1.511000 1.902113
1.512000 1.175571
1.513000 -1.175571
1.514000 -1.902113
1.515000 0.000000
1.516000 1.902113
1.517000 1.175571
1.518000 -1.175571
1.519000 -1.902113
1.520000 0.000000
1.521000 1.902113
1.522000 1.175571
1.523000 -1.175571
1.524000 -1.902113
1.525000 0.000000
1.526000 1.902113
1.527000 1.175571
1.528000 -1.175571
1.529000 -1.902113
1.530000 -0.000000
1.531000 1.902113
1.532000 1.175571
1.533000 -1.175571
1.534000 -1.902113
1.535000 0.000000
1.536000 1.902113
1.537000 1.175571
1.538000 -1.175571
1.539000 -1.902113
1.540000 -0.000000
1.541000 1.902113
1.542000 1.175571
1.543000 -1.175571
1.544000 -1.902113
1.545000 -0.000000
1.546000 1.902113
1.547000 1.175571
1.548000 -1.175571
1.549000 -1.902113
1.550000 0.000000
1.551000 1.902113
1.552000 1.175571
1.553000 -1.175571
1.554000 -1.902113
1.555000 -0.000000
1.556000 1.902113
1.557000 1.175571
1.558000 -1.175571
1.559000 -1.902113
1.560000 0.000000
1.561000 1.902113
1.562000 1.175571
1.563000 -1.175571
1.564000 -1.902113
1.565000 -0.000000
1.566000 1.902113
1.567000 1.175571
1.568000 -1.175571
1.569000 -1.902113
1.570000 0.000000
1.571000 1.902113
1.572000 1.175571
1.573000 -1.175571
1.574000 -1.902113
1.575000 0.000000
1.576000 1.902113
1.577000 1.175571
1.578000 -1.175571
1.579000 -1.902113
1.580000 0.000000
1.581000 1.902113
1.582000 1.175571
1.583000 -1.175571
1.584000 -1.902113
1.585000 -0.000000
1.586000 1.902113
1.587000 1.175571
1.588000 -1.175571
1.589000 -1.902113
1.590000 0.000000
1.591000 1.902113
1.592000 1.175571
1.593000 -1.175571
1.594000 -1.902113
1.595000 -0.000000
1.596000 1.902113
1.597000 1.175571
1.598000 -1.175571
1.599000 -1.902113
1.600000 0.000000
1.601000 1.902113
1.602000 1.175571
1.603000 -1.175571
1.604000 -1.902113
1.605000 -0.000000
1.606000 1.902113
1.607000 1.175571
1.608000 -1.175571
1.609000 -1.902113
1.610000 0.000000
1.611000 1.902113
1.612000 1.175571
1.613000 -1.175571
1.614000 -1.902113
1.615000 0.000000
1.616000 1.902113
1.617000 1.175571
1.618000 -1.175571
1.619000 -1.902113
1.620000 0.000000
1.621000 1.902113
1.622000 1.175571
1.623000 -1.175571
1.624000 -1.902113
1.625000 0.000000
1.626000 1.902113
1.627000 1.175571
1.628000 -1.175571
1.629000 -1.902113
1.630000 0.000000
1.631000 1.902113
1.632000 1.175571
1.633000 -1.175571
1.634000 -1.902113
1.635000 -0.000000
1.636000 1.902113
1.637000 1.175571
1.638000 -1.175571
1.639000 -1.902113
1.640000 0.000000
1.641000 1.902113
1.642000 1.175571
1.643000 -1.175571
1.644000 -1.902113
1.645000 -0.000000
1.646000 1.902113
1.647000 1.175571
1.648000 -1.175571
1.649000 -1.902113
1.650000 0.000000
1.651000 1.902113
1.652000 1.175571
1.653000 -1.175571
1.654000 -1.902113
1.655000 -0.000000
1.656000 1.902113
1.657000 1.175571
1.658000 -1.175571
1.659000 -1.902113
1.660000 0.000000
1.661000 1.902113
1.662000 1.175571
1.663000 -1.175571
1.664000 -1.902113
1.665000 -0.000000
1.666000 1.902113
1.667000 1.175571
1.668000 -1.175571
1.669000 -1.902113
1.670000 0.000000
1.671000 1.902113
1.672000 1.175571
1.673000 -1.175571
1.674000 -1.902113
1.675000 0.000000
1.676000 1.902113
1.677000 1.175571
1.678000 -1.175571
1.679000 -1.902113
1.680000 0.000000
1.681000 1.902113
1.682000 1.175571
1.683000 -1.175571
1.684000 -1.902113
1.685000 0.000000
1.686000 1.902113
1.687000 1.175571
1.688000 -1.175571
1.689000 -1.902113
1.690000 -0.000000
1.691000 1.902113
1.692000 1.175571
1.693000 -1.175571
1.694000 -1.902113
1.695000 0.000000
1.696000 1.902113
1.697000 1.175571
1.698000 -1.175571
1.699000 -1.902113
1.700000 -0.000000
1.701000 1.902113
1.702000 1.175571
1.703000 -1.175571
1.704000 -1.902113
1.705000 0.000000
1.706000 1.902113
1.707000 1.175571
1.708000 -1.175571
1.709000 -1.902113
1.710000 -0.000000
1.711000 1.902113
1.712000 1.175571
1.713000 -1.175571
1.714000 -1.902113
1.715000 0.000000
1.716000 1.902113
1.717000 1.175571
1.718000 -1.175571
1.719000 -1.902113
1.720000 -0.000000
1.721000 1.902113
1.722000 1.175571
1.723000 -1.175571
1.724000 -1.902113
1.725000 0.000000
1.726000 1.902113
1.727000 1.175571
1.728000 -1.175571
1.729000 -1.902113
1.730000 -0.000000
1.731000 1.902113
1.732000 1.175571
1.733000 -1.175571
1.734000 -1.902113
1.735000 0.000000
1.736000 1.902113
1.737000 1.175571
1.738000 -1.175571
1.739000 -1.902113
1.740000 0.000000
1.741000 1.902113
1.742000 1.175571
1.743000 -1.175571
1.744000 -1.902113
1.745000 -0.000000
1.746000 1.902113
1.747000 1.175571
1.748000 -1.175571
1.749000 -1.902113
1.750000 0.000000
1.751000 1.902113
1.752000 1.175571
1.753000 -1.175571
1.754000 -1.902113
1.755000 -0.000000
1.756000 1.902113
1.757000 1.175571
1.758000 -1.175571
1.759000 -1.902113
1.760000 0.000000
1.761000 1.902113
1.762000 1.175571
1.763000 -1.175571
1.764000 -1.902113
1.765000 0.000000
1.766000 1.902113
1.767000 1.175571
1.768000 -1.175571
1.769000 -1.902113
1.770000 0.000000
1.771000 1.902113
1.772000 1.175571
1.773000 -1.175571
1.774000 -1.902113
1.775000 0.000000
1.776000 1.902113
1.777000 1.175571
1.778000 -1.175571
1.779000 -1.902113
1.780000 0.000000
1.781000 1.902113
1.782000 1.175571
1.783000 -1.175571
1.784000 -1.902113
1.785000 0.000000
1.786000 1.902113
1.787000 1.175571
1.788000 -1.175571
1.789000 -1.902113
1.790000 0.000000
1.791000 1.902113
1.792000 1.175571
1.793000 -1.175571
1.794000 -1.902113
1.795000 -0.000000
1.796000 1.902113
1.797000 1.175571
1.798000 -1.175571
1.799000 -1.902113
1.800000 -0.000000
1.801000 1.902113
1.802000 1.175571
1.803000 -1.175571
1.804000 -1.902113
1.805000 -0.000000
1.806000 1.902113
1.807000 1.175571
1.808000 -1.175571
1.809000 -1.902113
1.810000 -0.000000
1.811000 1.902113
1.812000 1.175571
1.813000 -1.175571
1.814000 -1.902113
1.815000 0.000000
1.816000 1.902113
1.817000 1.175571
1.818000 -1.175571
1.819000 -1.902113
1.820000 -0.000000
1.821000 1.902113
1.822000 1.175571
1.823000 -1.175571
1.824000 -1.902113
1.825000 0.000000
1.826000 1.902113
1.827000 1.175571
1.828000 -1.175571
1.829000 -1.902113
1.830000 0.000000
1.831000 1.902113
1.832000 1.175571
1.833000 -1.175571
1.834000 -1.902113
1.835000 0.000000
1.836000 1.902113
1.837000 1.175571
1.838000 -1.175571
1.839000 -1.902113
1.840000 0.000000
1.841000 1.902113
1.842000 1.175571
1.843000 -1.175571
1.844000 -1.902113
1.845000 0.000000
1.846000 1.902113
1.847000 1.175571
1.848000 -1.175571
1.849000 -1.902113
1.850000 0.000000
1.851000 1.902113
1.852000 1.175571
1.853000 -1.175571
1.854000 -1.902113
1.855000 -0.000000
1.856000 1.902113
1.857000 1.175571
1.858000 -1.175571
1.859000 -1.902113
1.860000 0.000000
1.861000 1.902113
1.862000 1.175571
1.863000 -1.175571
1.864000 -1.902113
1.865000 -0.000000
1.866000 1.902113
1.867000 1.175571
1.868000 -1.175571
1.869000 -1.902113
1.870000 0.000000
1.871000 1.902113
1.872000 1.175571
1.873000 -1.175571
1.874000 -1.902113
1.875000 -0.000000
1.876000 1.902113
1.877000 1.175571
1.878000 -1.175571
1.879000 -1.902113
1.880000 0.000000
1.881000 1.902113
1.882000 1.175571
1.883000 -1.175571
1.884000 -1.902113
1.885000 -0.000000
1.886000 1.902113
1.887000 1.175571
1.888000 -1.175571
1.889000 -1.902113
1.890000 0.000000
1.891000 1.902113
1.892000 1.175571
1.893000 -1.175571
1.894000 -1.902113
1.895000 0.000000
1.896000 1.902113
1.897000 1.175571
1.898000 -1.175571
1.899000 -1.902113
1.900000 -0.000000
1.901000 1.902113
1.902000 1.175571
1.903000 -1.175571
1.904000 -1.902113
1.905000 0.000000
1.906000 1.902113
1.907000 1.175571
1.908000 -1.175571
1.909000 -1.902113
1.910000 0.000000
1.911000 1.902113
1.912000 1.175571
1.913000 -1.175571
1.914000 -1.902113
1.915000 0.000000
1.916000 1.902113
1.917000 1.175571
1.918000 -1.175571
1.919000 -1.902113
1.920000 -0.000000
1.921000 1.902113
1.922000 1.175571
1.923000 -1.175571
1.924000 -1.902113
1.925000 0.000000
1.926000 1.902113
1.927000 1.175571
1.928000 -1.175571
1.929000 -1.902113
1.930000 -0.000000
1.931000 1.902113
1.932000 1.175571
1.933000 -1.175571
1.934000 -1.902113
1.935000 0.000000
1.936000 1.902113
1.937000 1.175571
1.938000 -1.175571
1.939000 -1.902113
1.940000 -0.000000
1.941000 1.902113
1.942000 1.175571
1.943000 -1.175571
1.944000 -1.902113
1.945000 0.000000
1.946000 1.902113
1.947000 1.175571
1.948000 -1.175571
1.949000 -1.902113
1.950000 -0.000000
1.951000 1.902113
1.952000 1.175571
1.953000 -1.175571
1.954000 -1.902113
1.955000 -0.000000
1.956000 1.902113
1.957000 1.175571
1.958000 -1.175571
1.959000 -1.902113
1.960000 0.000000
1.961000 1.902113
1.962000 1.175571
1.963000 -1.175571
1.964000 -1.902113
1.965000 -0.000000
1.966000 1.902113
1.967000 1.175571
1.968000 -1.175571
1.969000 -1.902113
1.970000 0.000000
1.971000 1.902113
1.972000 1.175571
1.973000 -1.175571
1.974000 -1.902113
1.975000 0.000000
1.976000 1.902113
1.977000 1.175571
1.978000 -1.175571
1.979000 -1.902113
1.980000 0.000000
1.981000 1.902113
1.982000 1.175571
1.983000 -1.175571
1.984000 -1.902113
1.985000 0.000000
1.986000 1.902113
1.987000 1.175571
1.988000 -1.175571
1.989000 -1.902113
1.990000 0.000000
1.991000 1.902113
1.992000 1.175571
1.993000 -1.175571
1.994000 -1.902113
1.995000 0.000000
1.996000 1.902113
1.997000 1.175571
1.998000 -1.175571
1.999000 -1.902113
2.000000 -0.000000
2.001000 2.427051
2.002000 2.853170
2.003000 0.927051
2.004000 -1.763356
2.005000 -3.000000
2.006000 -1.763356
2.007000 0.927051
2.008000 2.853170
2.009000 2.427051
2.010000 -0.000000
2.011000 -2.427051
2.012000 -2.853170
2.013000 -0.927051
2.014000 1.763356
2.015000 3.000000
2.016000 1.763356
2.017000 -0.927051
2.018000 -2.853170
2.019000 -2.427051
2.020000 -0.000000
2.021000 2.427051
2.022000 2.853170
2.023000 0.927051
2.024000 -1.763356
2.025000 -3.000000
2.026000 -1.763356
2.027000 0.927051
2.028000 2.853170
2.029000 2.427051
2.030000 -0.000000
2.031000 -2.427051
2.032000 -2.853170
2.033000 -0.927051
2.034000 1.763356
2.035000 3.000000
2.036000 1.763356
2.037000 -0.927051
2.038000 -2.853170
2.039000 -2.427051
2.040000 -0.000000
2.041000 2.427051
2.042000 2.853170
2.043000 0.927051
2.044000 -1.763356
2.045000 -3.000000
2.046000 -1.763356
2.047000 0.927051
2.048000 2.853170
2.049000 2.427051
2.050000 0.000000
2.051000 -2.427051
2.052000 -2.853170
2.053000 -0.927051
2.054000 1.763356
2.055000 3.000000
2.056000 1.763356
2.057000 -0.927051
2.058000 -2.853170
2.059000 -2.427051
2.060000 -0.000000
2.061000 2.427051
2.062000 2.853170
2.063000 0.927051
2.064000 -1.763356
2.065000 -3.000000
2.066000 -1.763356
2.067000 0.927051
2.068000 2.853170
2.069000 2.427051
2.070000 0.000000
2.071000 -2.427051
2.072000 -2.853170
2.073000 -0.927051
2.074000 1.763356
2.075000 3.000000
2.076000 1.763356
2.077000 -0.927051
2.078000 -2.853170
2.079000 -2.427051
2.080000 -0.000000
2.081000 2.427051
2.082000 2.853170
2.083000 0.927051
2.084000 -1.763356
2.085000 -3.000000
2.086000 -1.763356
2.087000 0.927051
2.088000 2.853170
2.089000 2.427051
2.090000 0.000000
2.091000 -2.427051
2.092000 -2.853170
2.093000 -0.927051
2.094000 1.763356
2.095000 3.000000
2.096000 1.763356
2.097000 -0.927051
2.098000 -2.853170
2.099000 -2.427051
2.100000 0.000000
2.101000 2.427051
2.102000 2.853170
2.103000 0.927051
2.104000 -1.763356
2.105000 -3.000000
2.106000 -1.763356
2.107000 0.927051
2.108000 2.853170
2.109000 2.427051
2.110000 0.000000
2.111000 -2.427051
2.112000 -2.853170
2.113000 -0.927051
2.114000 1.763356
2.115000 3.000000
2.116000 1.763356
2.117000 -0.927051
2.118000 -2.853170
2.119000 -2.427051
2.120000 -0.000000
2.121000 2.427051
2.122000 2.853170
2.123000 0.927051
2.124000 -1.763356
2.125000 -3.000000
2.126000 -1.763356
2.127000 0.927051
2.128000 2.853170
2.129000 2.427051
2.130000 0.000000
2.131000 -2.427051
2.132000 -2.853170
2.133000 -0.927051
2.134000 1.763356
2.135000 3.000000
2.136000 1.763356
2.137000 -0.927051
2.138000 -2.853170
2.139000 -2.427051
2.140000 -0.000000
2.141000 2.427051
2.142000 2.853170
2.143000 0.927051
2.144000 -1.763356
2.145000 -3.000000
2.146000 -1.763356
2.147000 0.927051
2.148000 2.853170
2.149000 2.427051
2.150000 0.000000
2.151000 -2.427051
2.152000 -2.853170
2.153000 -0.927051
2.154000 1.763356
2.155000 3.000000
2.156000 1.763356
2.157000 -0.927051
2.158000 -2.853170
2.159000 -2.427051
2.160000 0.000000
2.161000 2.427051
2.162000 2.853170
2.163000 0.927051
2.164000 -1.763356
2.165000 -3.000000
2.166000 -1.763356
2.167000 0.927051
2.168000 2.853170
2.169000 2.427051
2.170000 0.000000
2.171000 -2.427051
2.172000 -2.853170
2.173000 -0.927051
2.174000 1.763356
2.175000 3.000000
2.176000 1.763356
2.177000 -0.927051
2.178000 -2.853170
2.179000 -2.427051
2.180000 -0.000000
2.181000 2.427051
2.182000 2.853170
2.183000 0.927051
2.184000 -1.763356
2.185000 -3.000000
2.186000 -1.763356
2.187000 0.927051
2.188000 2.853170
2.189000 2.427051
2.190000 0.000000
2.191000 -2.427051
2.192000 -2.853170
2.193000 -0.927051
2.194000 1.763356
2.195000 3.000000
2.196000 1.763356
2.197000 -0.927051
2.198000 -2.853170
2.199000 -2.427051
2.200000 0.000000
2.201000 2.427051
2.202000 2.853170
2.203000 0.927051
2.204000 -1.763356
2.205000 -3.000000
2.206000 -1.763356
2.207000 0.927051
2.208000 2.853170
2.209000 2.427051
2.210000 0.000000
2.211000 -2.427051
2.212000 -2.853170
2.213000 -0.927051
2.214000 1.763356
2.215000 3.000000
2.216000 1.763356
2.217000 -0.927051
2.218000 -2.853170
2.219000 -2.427051
2.220000 -0.000000
2.221000 2.427051
2.222000 2.853170
2.223000 0.927051
2.224000 -1.763356
2.225000 -3.000000
2.226000 -1.763356
2.227000 0.927051
2.228000 2.853170
2.229000 2.427051
2.230000 0.000000
2.231000 -2.427051
2.232000 -2.853170
2.233000 -0.927051
2.234000 1.763356
2.235000 3.000000
2.236000 1.763356
2.237000 -0.927051
2.238000 -2.853170
2.239000 -2.427051
2.240000 0.000000
2.241000 2.427051
2.242000 2.853170
2.243000 0.927051
2.244000 -1.763356
2.245000 -3.000000
2.246000 -1.763356
2.247000 0.927051
2.248000 2.853170
2.249000 2.427051
2.250000 -0.000000
2.251000 -2.427051
2.252000 -2.853170
2.253000 -0.927051
2.254000 1.763356
2.255000 3.000000
2.256000 1.763356
2.257000 -0.927051
2.258000 -2.853170
2.259000 -2.427051
2.260000 0.000000
2.261000 2.427051
2.262000 2.853170
2.263000 0.927051
2.264000 -1.763356
2.265000 -3.000000
2.266000 -1.763356
2.267000 0.927051
2.268000 2.853170
2.269000 2.427051
2.270000 0.000000
2.271000 -2.427051
2.272000 -2.853170
2.273000 -0.927051
2.274000 1.763356
2.275000 3.000000
2.276000 1.763356
2.277000 -0.927051
2.278000 -2.853170
2.279000 -2.427051
2.280000 -0.000000
2.281000 2.427051
2.282000 2.853170
2.283000 0.927051
2.284000 -1.763356
2.285000 -3.000000
2.286000 -1.763356
2.287000 0.927051
2.288000 2.853170
2.289000 2.427051
2.290000 0.000000
2.291000 -2.427051
2.292000 -2.853170
2.293000 -0.927051
2.294000 1.763356
2.295000 3.000000
2.296000 1.763356
2.297000 -0.927051
2.298000 -2.853170
2.299000 -2.427051
2.300000 0.000000
2.301000 2.427051
2.302000 2.853170
2.303000 0.927051
2.304000 -1.763356
2.305000 -3.000000
2.306000 -1.763356
2.307000 0.927051
2.308000 2.853170
2.309000 2.427051
2.310000 -0.000000
2.311000 -2.427051
2.312000 -2.853170
2.313000 -0.927051
2.314000 1.763356
2.315000 3.000000
2.316000 1.763356
2.317000 -0.927051
2.318000 -2.853170
2.319000 -2.427051
2.320000 -0.000000
2.321000 2.427051
2.322000 2.853170
2.323000 0.927051
2.324000 -1.763356
2.325000 -3.000000
2.326000 -1.763356
2.327000 0.927051
2.328000 2.853170
2.329000 2.427051
2.330000 0.000000
2.331000 -2.427051
2.332000 -2.853170
2.333000 -0.927051
2.334000 1.763356
2.335000 3.000000
2.336000 1.763356
2.337000 -0.927051
2.338000 -2.853170
2.339000 -2.427051
2.340000 -0.000000
2.341000 2.427051
2.342000 2.853170
2.343000 0.927051
2.344000 -1.763356
2.345000 -3.000000
2.346000 -1.763356
2.347000 0.927051
2.348000 2.853170
2.349000 2.427051
2.350000 -0.000000
2.351000 -2.427051
2.352000 -2.853170
2.353000 -0.927051
2.354000 1.763356
2.355000 3.000000
2.356000 1.763356
2.357000 -0.927051
2.358000 -2.853170
2.359000 -2.427051
2.360000 -0.000000
2.361000 2.427051
2.362000 2.853170
2.363000 0.927051
2.364000 -1.763356
2.365000 -3.000000
2.366000 -1.763356
2.367000 0.927051
2.368000 2.853170
2.369000 2.427051
2.370000 -0.000000
2.371000 -2.427051
2.372000 -2.853170
2.373000 -0.927051
2.374000 1.763356
2.375000 3.000000
2.376000 1.763356
2.377000 -0.927051
2.378000 -2.853170
2.379000 -2.427051
2.380000 -0.000000
2.381000 2.427051
2.382000 2.853170
2.383000 0.927051
2.384000 -1.763356
2.385000 -3.000000
2.386000 -1.763356
2.387000 0.927051
2.388000 2.853170
2.389000 2.427051
2.390000 0.000000
2.391000 -2.427051
2.392000 -2.853170
2.393000 -0.927051
2.394000 1.763356
2.395000 3.000000
2.396000 1.763356
2.397000 -0.927051
2.398000 -2.853170
2.399000 -2.427051
2.400000 -0.000000
2.401000 2.427051
2.402000 2.853170
2.403000 0.927051
2.404000 -1.763356
2.405000 -3.000000
2.406000 -1.763356
2.407000 0.927051
2.408000 2.853170
2.409000 2.427051
2.410000 -0.000000
2.411000 -2.427051
2.412000 -2.853170
2.413000 -0.927051
2.414000 1.763356
2.415000 3.000000
2.416000 1.763356
2.417000 -0.927051
2.418000 -2.853170
2.419000 -2.427051
2.420000 -0.000000
2.421000 2.427051
2.422000 2.853170
2.423000 0.927051
2.424000 -1.763356
2.425000 -3.000000
2.426000 -1.763356
2.427000 0.927051
2.428000 2.853170
2.429000 2.427051
2.430000 -0.000000
2.431000 -2.427051
2.432000 -2.853170
2.433000 -0.927051
2.434000 1.763356
2.435000 3.000000
2.436000 1.763356
2.437000 -0.927051
2.438000 -2.853170
2.439000 -2.427051
2.440000 -0.000000
2.441000 2.427051
2.442000 2.853170
2.443000 0.927051
2.444000 -1.763356
2.445000 -3.000000
2.446000 -1.763356
2.447000 0.927051
2.448000 2.853170
2.449000 2.427051
2.450000 0.000000
2.451000 -2.427051
2.452000 -2.853170
2.453000 -0.927051
2.454000 1.763356
2.455000 3.000000
2.456000 1.763356
2.457000 -0.927051
2.458000 -2.853170
2.459000 -2.427051
2.460000 0.000000
2.461000 2.427051
2.462000 2.853170
2.463000 0.927051
2.464000 -1.763356
2.465000 -3.000000
2.466000 -1.763356
2.467000 0.927051
2.468000 2.853170
2.469000 2.427051
2.470000 -0.000000
2.471000 -2.427051
2.472000 -2.853170
2.473000 -0.927051
2.474000 1.763356
2.475000 3.000000
2.476000 1.763356
2.477000 -0.927051
2.478000 -2.853170
2.479000 -2.427051
2.480000 -0.000000
2.481000 2.427051
2.482000 2.853170
2.483000 0.927051
2.484000 -1.763356
2.485000 -3.000000
2.486000 -1.763356
2.487000 0.927051
2.488000 2.853170
2.489000 2.427051
2.490000 -0.000000
2.491000 -2.427051
2.492000 -2.853170
2.493000 -0.927051
2.494000 1.763356
2.495000 3.000000
2.496000 1.763356
2.497000 -0.927051
2.498000 -2.853170
2.499000 -2.427051
2.500000 -0.000000
2.501000 2.427051
2.502000 2.853170
2.503000 0.927051
2.504000 -1.763356
2.505000 -3.000000
2.506000 -1.763356
2.507000 0.927051
2.508000 2.853170
2.509000 2.427051
2.510000 0.000000
2.511000 -2.427051
2.512000 -2.853170
2.513000 -0.927051
2.514000 1.763356
2.515000 3.000000
2.516000 1.763356
2.517000 -0.927051
2.518000 -2.853170
2.519000 -2.427051
2.520000 0.000000
2.521000 2.427051
2.522000 2.853170
2.523000 0.927051
2.524000 -1.763356
2.525000 -3.000000
2.526000 -1.763356
2.527000 0.927051
2.528000 2.853170
2.529000 2.427051
2.530000 -0.000000
2.531000 -2.427051
2.532000 -2.853170
2.533000 -0.927051
2.534000 1.763356
2.535000 3.000000
2.536000 1.763356
2.537000 -0.927051
2.538000 -2.853170
2.539000 -2.427051
2.540000 -0.000000
2.541000 2.427051
2.542000 2.853170
2.543000 0.927051
2.544000 -1.763356
2.545000 -3.000000
2.546000 -1.763356
2.547000 0.927051
2.548000 2.853170
2.549000 2.427051
2.550000 -0.000000
2.551000 -2.427051
2.552000 -2.853170
2.553000 -0.927051
2.554000 1.763356
2.555000 3.000000
2.556000 1.763356
2.557000 -0.927051
2.558000 -2.853170
2.559000 -2.427051
2.560000 -0.000000
2.561000 2.427051
2.562000 2.853170
2.563000 0.927051
2.564000 -1.763356
2.565000 -3.000000
2.566000 -1.763356
2.567000 0.927051
2.568000 2.853170
2.569000 2.427051
2.570000 0.000000
2.571000 -2.427051
2.572000 -2.853170
2.573000 -0.927051
2.574000 1.763356
2.575000 3.000000
2.576000 1.763356
2.577000 -0.927051
2.578000 -2.853170
2.579000 -2.427051
2.580000 0.000000
2.581000 2.427051
2.582000 2.853170
2.583000 0.927051
2.584000 -1.763356
2.585000 -3.000000
2.586000 -1.763356
2.587000 0.927051
2.588000 2.853170
2.589000 2.427051
2.590000 0.000000
2.591000 -2.427051
2.592000 -2.853170
2.593000 -0.927051
2.594000 1.763356
2.595000 3.000000
2.596000 1.763356
2.597000 -0.927051
2.598000 -2.853170
2.599000 -2.427051
2.600000 -0.000000
2.601000 2.427051
2.602000 2.853170
2.603000 0.927051
2.604000 -1.763356
2.605000 -3.000000
2.606000 -1.763356
2.607000 0.927051
2.608000 2.853170
2.609000 2.427051
2.610000 0.000000
2.611000 -2.427051
2.612000 -2.853170
2.613000 -0.927051
2.614000 1.763356
2.615000 3.000000
2.616000 1.763356
2.617000 -0.927051
2.618000 -2.853170
2.619000 -2.427051
2.620000 -0.000000
2.621000 2.427051
2.622000 2.853170
2.623000 0.927051
2.624000 -1.763356
2.625000 -3.000000
2.626000 -1.763356
2.627000 0.927051
2.628000 2.853170
2.629000 2.427051
2.630000 0.000000
2.631000 -2.427051
2.632000 -2.853170
2.633000 -0.927051
2.634000 1.763356
2.635000 3.000000
2.636000 1.763356
2.637000 -0.927051
2.638000 -2.853170
2.639000 -2.427051
2.640000 0.000000
2.641000 2.427051
2.642000 2.853170
2.643000 0.927051
2.644000 -1.763356
2.645000 -3.000000
2.646000 -1.763356
2.647000 0.927051
2.648000 2.853170
2.649000 2.427051
2.650000 0.000000
2.651000 -2.427051
2.652000 -2.853170
2.653000 -0.927051
2.654000 1.763356
2.655000 3.000000
2.656000 1.763356
2.657000 -0.927051
2.658000 -2.853170
2.659000 -2.427051
2.660000 -0.000000
2.661000 2.427051
2.662000 2.853170
2.663000 0.927051
2.664000 -1.763356
2.665000 -3.000000
2.666000 -1.763356
2.667000 0.927051
2.668000 2.853170
2.669000 2.427051
2.670000 0.000000
2.671000 -2.427051
2.672000 -2.853170
2.673000 -0.927051
2.674000 1.763356
2.675000 3.000000
2.676000 1.763356
2.677000 -0.927051
2.678000 -2.853170
2.679000 -2.427051
2.680000 -0.000000
2.681000 2.427051
2.682000 2.853170
2.683000 0.927051
2.684000 -1.763356
2.685000 -3.000000
2.686000 -1.763356
2.687000 0.927051
2.688000 2.853170
2.689000 2.427051
2.690000 0.000000
2.691000 -2.427051
2.692000 -2.853170
2.693000 -0.927051
2.694000 1.763356
2.695000 3.000000
2.696000 1.763356
2.697000 -0.927051
2.698000 -2.853170
2.699000 -2.427051
2.700000 0.000000
2.701000 2.427051
2.702000 2.853170
2.703000 0.927051
2.704000 -1.763356
2.705000 -3.000000
2.706000 -1.763356
2.707000 0.927051
2.708000 2.853170
2.709000 2.427051
2.710000 0.000000
2.711000 -2.427051
2.712000 -2.853170
2.713000 -0.927051
2.714000 1.763356
2.715000 3.000000
2.716000 1.763356
2.717000 -0.927051
2.718000 -2.853170
2.719000 -2.427051
2.720000 -0.000000
2.721000 2.427051
2.722000 2.853170
2.723000 0.927051
2.724000 -1.763356
2.725000 -3.000000
2.726000 -1.763356
2.727000 0.927051
2.728000 2.853170
2.729000 2.427051
2.730000 0.000000
2.731000 -2.427051
2.732000 -2.853170
2.733000 -0.927051
2.734000 1.763356
2.735000 3.000000
2.736000 1.763356
2.737000 -0.927051
2.738000 -2.853170
2.739000 -2.427051
2.740000 0.000000
2.741000 2.427051
2.742000 2.853170
2.743000 0.927051
2.744000 -1.763356
2.745000 -3.000000
2.746000 -1.763356
2.747000 0.927051
2.748000 2.853170
2.749000 2.427051
2.750000 0.000000
2.751000 -2.427051
2.752000 -2.853170
2.753000 -0.927051
2.754000 1.763356
2.755000 3.000000
2.756000 1.763356
2.757000 -0.927051
2.758000 -2.853170
2.759000 -2.427051
2.760000 0.000000
2.761000 2.427051
2.762000 2.853170
2.763000 0.927051
2.764000 -1.763356
2.765000 -3.000000
2.766000 -1.763356
2.767000 0.927051
2.768000 2.853170
2.769000 2.427051
2.770000 0.000000
2.771000 -2.427051
2.772000 -2.853170
2.773000 -0.927051
2.774000 1.763356
2.775000 3.000000
2.776000 1.763356
2.777000 -0.927051
2.778000 -2.853170
2.779000 -2.427051
2.780000 -0.000000
2.781000 2.427051
2.782000 2.853170
2.783000 0.927051
2.784000 -1.763356
2.785000 -3.000000
2.786000 -1.763356
2.787000 0.927051
2.788000 2.853170
2.789000 2.427051
2.790000 0.000000
2.791000 -2.427051
2.792000 -2.853170
2.793000 -0.927051
2.794000 1.763356
2.795000 3.000000
2.796000 1.763356
2.797000 -0.927051
2.798000 -2.853170
2.799000 -2.427051
2.800000 0.000000
2.801000 2.427051
2.802000 2.853170
2.803000 0.927051
2.804000 -1.763356
2.805000 -3.000000
2.806000 -1.763356
2.807000 0.927051
2.808000 2.853170
2.809000 2.427051
2.810000 -0.000000
2.811000 -2.427051
2.812000 -2.853170
2.813000 -0.927051
2.814000 1.763356
2.815000 3.000000
2.816000 1.763356
2.817000 -0.927051
2.818000 -2.853170
2.819000 -2.427051
2.820000 -0.000000
2.821000 2.427051
2.822000 2.853170
2.823000 0.927051
2.824000 -1.763356
2.825000 -3.000000
2.826000 -1.763356
2.827000 0.927051
2.828000 2.853170
2.829000 2.427051
2.830000 0.000000
2.831000 -2.427051
2.832000 -2.853170
2.833000 -0.927051
2.834000 1.763356
2.835000 3.000000
2.836000 1.763356
2.837000 -0.927051
2.838000 -2.853170
2.839000 -2.427051
2.840000 -0.000000
2.841000 2.427051
2.842000 2.853170
2.843000 0.927051
2.844000 -1.763356
2.845000 -3.000000
2.846000 -1.763356
2.847000 0.927051
2.848000 2.853170
2.849000 2.427051
2.850000 0.000000
2.851000 -2.427051
2.852000 -2.853170
2.853000 -0.927051
2.854000 1.763356
2.855000 3.000000
2.856000 1.763356
2.857000 -0.927051
2.858000 -2.853170
2.859000 -2.427051
2.860000 -0.000000
2.861000 2.427051
2.862000 2.853170
2.863000 0.927051
2.864000 -1.763356
2.865000 -3.000000
2.866000 -1.763356
2.867000 0.927051
2.868000 2.853170
2.869000 2.427051
2.870000 -0.000000
2.871000 -2.427051
2.872000 -2.853170
2.873000 -0.927051
2.874000 1.763356
2.875000 3.000000
2.876000 1.763356
2.877000 -0.927051
2.878000 -2.853170
2.879000 -2.427051
2.880000 -0.000000
2.881000 2.427051
2.882000 2.853170
2.883000 0.927051
2.884000 -1.763356
2.885000 -3.000000
2.886000 -1.763356
2.887000 0.927051
2.888000 2.853170
2.889000 2.427051
2.890000 0.000000
2.891000 -2.427051
2.892000 -2.853170
2.893000 -0.927051
2.894000 1.763356
2.895000 3.000000
2.896000 1.763356
2.897000 -0.927051
2.898000 -2.853170
2.899000 -2.427051
2.900000 -0.000000
2.901000 2.427051
2.902000 2.853170
2.903000 0.927051
2.904000 -1.763356
2.905000 -3.000000
2.906000 -1.763356
2.907000 0.927051
2.908000 2.853170
2.909000 2.427051
2.910000 -0.000000
2.911000 -2.427051
2.912000 -2.853170
2.913000 -0.927051
2.914000 1.763356
2.915000 3.000000
2.916000 1.763356
2.917000 -0.927051
2.918000 -2.853170
2.919000 -2.427051
2.920000 -0.000000
2.921000 2.427051
2.922000 2.853170
2.923000 0.927051
2.924000 -1.763356
2.925000 -3.000000
2.926000 -1.763356
2.927000 0.927051
2.928000 2.853170
2.929000 2.427051
2.930000 -0.000000
2.931000 -2.427051
2.932000 -2.853170
2.933000 -0.927051
2.934000 1.763356
2.935000 3.000000
2.936000 1.763356
2.937000 -0.927051
2.938000 -2.853170
2.939000 -2.427051
2.940000 -0.000000
2.941000 2.427051
2.942000 2.853170
2.943000 0.927051
2.944000 -1.763356
2.945000 -3.000000
2.946000 -1.763356
2.947000 0.927051
2.948000 2.853170
2.949000 2.427051
2.950000 0.000000
2.951000 -2.427051
2.952000 -2.853170
2.953000 -0.927051
2.954000 1.763356
2.955000 3.000000
2.956000 1.763356
2.957000 -0.927051
2.958000 -2.853170
2.959000 -2.427051
2.960000 -0.000000
2.961000 2.427051
2.962000 2.853170
2.963000 0.927051
2.964000 -1.763356
2.965000 -3.000000
2.966000 -1.763356
2.967000 0.927051
2.968000 2.853170
2.969000 2.427051
2.970000 -0.000000
2.971000 -2.427051
2.972000 -2.853170
2.973000 -0.927051
2.974000 1.763356
2.975000 3.000000
2.976000 1.763356
2.977000 -0.927051
2.978000 -2.853170
2.979000 -2.427051
2.980000 -0.000000
2.981000 2.427051
2.982000 2.853170
2.983000 0.927051
2.984000 -1.763356
2.985000 -3.000000
2.986000 -1.763356
2.987000 0.927051
2.988000 2.853170
2.989000 2.427051
2.990000 -0.000000
2.991000 -2.427051
2.992000 -2.853170
2.993000 -0.927051
2.994000 1.763356
2.995000 3.000000
2.996000 1.763356
2.997000 -0.927051
2.998000 -2.853170
2.999000 -2.427051
