0.000000 0.000000
0.001000 0.062791
0.002000 0.125333
0.003000 0.187381
0.004000 0.248690
0.005000 0.309017
0.006000 0.368125
0.007000 0.425779
0.008000 0.481754
0.009000 0.535827
0.010000 0.587785
0.011000 0.637424
0.012000 0.684547
0.013000 0.728969
0.014000 0.770513
0.015000 0.809017
0.016000 0.844328
0.017000 0.876307
0.018000 0.904827
0.019000 0.929776
0.020000 0.951057
0.021000 0.968583
0.022000 0.982287
0.023000 0.992115
0.024000 0.998027
0.025000 1.000000
0.026000 0.998027
0.027000 0.992115
0.028000 0.982287
0.029000 0.968583
0.030000 0.951057
0.031000 0.929776
0.032000 0.904827
0.033000 0.876307
0.034000 0.844328
0.035000 0.809017
0.036000 0.770513
0.037000 0.728969
0.038000 0.684547
0.039000 0.637424
0.040000 0.587785
0.041000 0.535827
0.042000 0.481754
0.043000 0.425779
0.044000 0.368125
0.045000 0.309017
0.046000 0.248690
0.047000 0.187381
0.048000 0.125333
0.049000 0.062791
0.050000 0.000000
0.051000 -0.062791
0.052000 -0.125333
0.053000 -0.187381
0.054000 -0.248690
0.055000 -0.309017
0.056000 -0.368125
0.057000 -0.425779
0.058000 -0.481754
0.059000 -0.535827
0.060000 -0.587785
0.061000 -0.637424
0.062000 -0.684547
0.063000 -0.728969
0.064000 -0.770513
0.065000 -0.809017
0.066000 -0.844328
0.067000 -0.876307
0.068000 -0.904827
0.069000 -0.929776
0.070000 -0.951057
0.071000 -0.968583
0.072000 -0.982287
0.073000 -0.992115
0.074000 -0.998027
0.075000 -1.000000
0.076000 -0.998027
0.077000 -0.992115
0.078000 -0.982287
0.079000 -0.968583
0.080000 -0.951057
0.081000 -0.929776
0.082000 -0.904827
0.083000 -0.876307
0.084000 -0.844328
0.085000 -0.809017
0.086000 -0.770513
0.087000 -0.728969
0.088000 -0.684547
0.089000 -0.637424
0.090000 -0.587785
0.091000 -0.535827
0.092000 -0.481754
0.093000 -0.425779
0.094000 -0.368125
0.095000 -0.309017
0.096000 -0.248690
0.097000 -0.187381
0.098000 -0.125333
0.099000 -0.062791
0.100000 -0.000000
0.101000 0.062791
0.102000 0.125333
0.103000 0.187381
0.104000 0.248690
0.105000 0.309017
0.106000 0.368125
0.107000 0.425779
0.108000 0.481754
0.109000 0.535827
0.110000 0.587785
0.111000 0.637424
0.112000 0.684547
0.113000 0.728969
0.114000 0.770513
0.115000 0.809017
0.116000 0.844328
0.117000 0.876307
0.118000 0.904827
0.119000 0.929776
0.120000 0.951057
0.121000 0.968583
0.122000 0.982287
0.123000 0.992115
0.124000 0.998027
0.125000 1.000000
0.126000 0.998027
0.127000 0.992115
0.128000 0.982287
0.129000 0.968583
0.130000 0.951057
0.131000 0.929776
0.132000 0.904827
0.133000 0.876307
0.134000 0.844328
0.135000 0.809017
0.136000 0.770513
0.137000 0.728969
0.138000 0.684547
0.139000 0.637424
0.140000 0.587785
0.141000 0.535827
0.142000 0.481754
0.143000 0.425779
0.144000 0.368125
0.145000 0.309017
0.146000 0.248690
0.147000 0.187381
0.148000 0.125333
0.149000 0.062791
0.150000 0.000000
0.151000 -0.062791
0.152000 -0.125333
0.153000 -0.187381
0.154000 -0.248690
0.155000 -0.309017
0.156000 -0.368125
0.157000 -0.425779
0.158000 -0.481754
0.159000 -0.535827
0.160000 -0.587785
0.161000 -0.637424
0.162000 -0.684547
0.163000 -0.728969
0.164000 -0.770513
0.165000 -0.809017
0.166000 -0.844328
0.167000 -0.876307
0.168000 -0.904827
0.169000 -0.929776
0.170000 -0.951057
0.171000 -0.968583
0.172000 -0.982287
0.173000 -0.992115
0.174000 -0.998027
0.175000 -1.000000
0.176000 -0.998027
0.177000 -0.992115
0.178000 -0.982287
0.179000 -0.968583
0.180000 -0.951057
0.181000 -0.929776
0.182000 -0.904827
0.183000 -0.876307
0.184000 -0.844328
0.185000 -0.809017
0.186000 -0.770513
0.187000 -0.728969
0.188000 -0.684547
0.189000 -0.637424
0.190000 -0.587785
0.191000 -0.535827
0.192000 -0.481754
0.193000 -0.425779
0.194000 -0.368125
0.195000 -0.309017
0.196000 -0.248690
0.197000 -0.187381
0.198000 -0.125333
0.199000 -0.062791
0.200000 -0.000000
0.201000 0.062791
0.202000 0.125333
0.203000 0.187381
0.204000 0.248690
0.205000 0.309017
0.206000 0.368125
0.207000 0.425779
0.208000 0.481754
0.209000 0.535827
0.210000 0.587785
0.211000 0.637424
0.212000 0.684547
0.213000 0.728969
0.214000 0.770513
0.215000 0.809017
0.216000 0.844328
0.217000 0.876307
0.218000 0.904827
0.219000 0.929776
0.220000 0.951057
0.221000 0.968583
0.222000 0.982287
0.223000 0.992115
0.224000 0.998027
0.225000 1.000000
0.226000 0.998027
0.227000 0.992115
0.228000 0.982287
0.229000 0.968583
0.230000 0.951057
0.231000 0.929776
0.232000 0.904827
0.233000 0.876307
0.234000 0.844328
0.235000 0.809017
0.236000 0.770513
0.237000 0.728969
0.238000 0.684547
0.239000 0.637424
0.240000 0.587785
0.241000 0.535827
0.242000 0.481754
0.243000 0.425779
0.244000 0.368125
0.245000 0.309017
0.246000 0.248690
0.247000 0.187381
0.248000 0.125333
0.249000 0.062791
0.250000 0.000000
0.251000 -0.062791
0.252000 -0.125333
0.253000 -0.187381
0.254000 -0.248690
0.255000 -0.309017
0.256000 -0.368125
0.257000 -0.425779
0.258000 -0.481754
0.259000 -0.535827
0.260000 -0.587785
0.261000 -0.637424
0.262000 -0.684547
0.263000 -0.728969
0.264000 -0.770513
0.265000 -0.809017
0.266000 -0.844328
0.267000 -0.876307
0.268000 -0.904827
0.269000 -0.929776
0.270000 -0.951057
0.271000 -0.968583
0.272000 -0.982287
0.273000 -0.992115
0.274000 -0.998027
0.275000 -1.000000
0.276000 -0.998027
0.277000 -0.992115
0.278000 -0.982287
0.279000 -0.968583
0.280000 -0.951057
0.281000 -0.929776
0.282000 -0.904827
0.283000 -0.876307
0.284000 -0.844328
0.285000 -0.809017
0.286000 -0.770513
0.287000 -0.728969
0.288000 -0.684547
0.289000 -0.637424
0.290000 -0.587785
0.291000 -0.535827
0.292000 -0.481754
0.293000 -0.425779
0.294000 -0.368125
0.295000 -0.309017
0.296000 -0.248690
0.297000 -0.187381
0.298000 -0.125333
0.299000 -0.062791
0.300000 -0.000000
0.301000 0.062791
0.302000 0.125333
0.303000 0.187381
0.304000 0.248690
0.305000 0.309017
0.306000 0.368125
0.307000 0.425779
0.308000 0.481754
0.309000 0.535827
0.310000 0.587785
0.311000 0.637424
0.312000 0.684547
0.313000 0.728969
0.314000 0.770513
0.315000 0.809017
0.316000 0.844328
0.317000 0.876307
0.318000 0.904827
0.319000 0.929776
0.320000 0.951057
0.321000 0.968583
0.322000 0.982287
0.323000 0.992115
0.324000 0.998027
0.325000 1.000000
0.326000 0.998027
0.327000 0.992115
0.328000 0.982287
0.329000 0.968583
0.330000 0.951057
0.331000 0.929776
0.332000 0.904827
0.333000 0.876307
0.334000 0.844328
0.335000 0.809017
0.336000 0.770513
0.337000 0.728969
0.338000 0.684547
0.339000 0.637424
0.340000 0.587785
0.341000 0.535827
0.342000 0.481754
0.343000 0.425779
0.344000 0.368125
0.345000 0.309017
0.346000 0.248690
0.347000 0.187381
0.348000 0.125333
0.349000 0.062791
0.350000 -0.000000
0.351000 -0.062791
0.352000 -0.125333
0.353000 -0.187381
0.354000 -0.248690
0.355000 -0.309017
0.356000 -0.368125
0.357000 -0.425779
0.358000 -0.481754
0.359000 -0.535827
0.360000 -0.587785
0.361000 -0.637424
0.362000 -0.684547
0.363000 -0.728969
0.364000 -0.770513
0.365000 -0.809017
0.366000 -0.844328
0.367000 -0.876307
0.368000 -0.904827
0.369000 -0.929776
0.370000 -0.951057
0.371000 -0.968583
0.372000 -0.982287
0.373000 -0.992115
0.374000 -0.998027
0.375000 -1.000000
0.376000 -0.998027
0.377000 -0.992115
0.378000 -0.982287
0.379000 -0.968583
0.380000 -0.951057
0.381000 -0.929776
0.382000 -0.904827
0.383000 -0.876307
0.384000 -0.844328
0.385000 -0.809017
0.386000 -0.770513
0.387000 -0.728969
0.388000 -0.684547
0.389000 -0.637424
0.390000 -0.587785
0.391000 -0.535827
0.392000 -0.481754
0.393000 -0.425779
0.394000 -0.368125
0.395000 -0.309017
0.396000 -0.248690
0.397000 -0.187381
0.398000 -0.125333
0.399000 -0.062791
0.400000 -0.000000
0.401000 0.062791
0.402000 0.125333
0.403000 0.187381
0.404000 0.248690
0.405000 0.309017
0.406000 0.368125
0.407000 0.425779
0.408000 0.481754
0.409000 0.535827
0.410000 0.587785
0.411000 0.637424
0.412000 0.684547
0.413000 0.728969
0.414000 0.770513
0.415000 0.809017
0.416000 0.844328
0.417000 0.876307
0.418000 0.904827
0.419000 0.929776
0.420000 0.951057
0.421000 0.968583
0.422000 0.982287
0.423000 0.992115
0.424000 0.998027
0.425000 1.000000
0.426000 0.998027
0.427000 0.992115
0.428000 0.982287
0.429000 0.968583
0.430000 0.951057
0.431000 0.929776
0.432000 0.904827
0.433000 0.876307
0.434000 0.844328
0.435000 0.809017
0.436000 0.770513
0.437000 0.728969
0.438000 0.684547
0.439000 0.637424
0.440000 0.587785
0.441000 0.535827
0.442000 0.481754
0.443000 0.425779
0.444000 0.368125
0.445000 0.309017
0.446000 0.248690
0.447000 0.187381
0.448000 0.125333
0.449000 0.062791
0.450000 0.000000
0.451000 -0.062791
0.452000 -0.125333
0.453000 -0.187381
0.454000 -0.248690
0.455000 -0.309017
0.456000 -0.368125
0.457000 -0.425779
0.458000 -0.481754
0.459000 -0.535827
0.460000 -0.587785
0.461000 -0.637424
0.462000 -0.684547
0.463000 -0.728969
0.464000 -0.770513
0.465000 -0.809017
0.466000 -0.844328
0.467000 -0.876307
0.468000 -0.904827
0.469000 -0.929776
0.470000 -0.951057
0.471000 -0.968583
0.472000 -0.982287
0.473000 -0.992115
0.474000 -0.998027
0.475000 -1.000000
0.476000 -0.998027
0.477000 -0.992115
0.478000 -0.982287
0.479000 -0.968583
0.480000 -0.951057
0.481000 -0.929776
0.482000 -0.904827
0.483000 -0.876307
0.484000 -0.844328
0.485000 -0.809017
0.486000 -0.770513
0.487000 -0.728969
0.488000 -0.684547
0.489000 -0.637424
0.490000 -0.587785
0.491000 -0.535827
0.492000 -0.481754
0.493000 -0.425779
0.494000 -0.368125
0.495000 -0.309017
0.496000 -0.248690
0.497000 -0.187381
0.498000 -0.125333
0.499000 -0.062791
0.500000 -0.000000
0.501000 0.062791
0.502000 0.125333
0.503000 0.187381
0.504000 0.248690
0.505000 0.309017
0.506000 0.368125
0.507000 0.425779
0.508000 0.481754
0.509000 0.535827
0.510000 0.587785
0.511000 0.637424
0.512000 0.684547
0.513000 0.728969
0.514000 0.770513
0.515000 0.809017
0.516000 0.844328
0.517000 0.876307
0.518000 0.904827
0.519000 0.929776
0.520000 0.951057
0.521000 0.968583
0.522000 0.982287
0.523000 0.992115
0.524000 0.998027
0.525000 1.000000
0.526000 0.998027
0.527000 0.992115
0.528000 0.982287
0.529000 0.968583
0.530000 0.951057
0.531000 0.929776
0.532000 0.904827
0.533000 0.876307
0.534000 0.844328
0.535000 0.809017
0.536000 0.770513
0.537000 0.728969
0.538000 0.684547
0.539000 0.637424
0.540000 0.587785
0.541000 0.535827
0.542000 0.481754
0.543000 0.425779
0.544000 0.368125
0.545000 0.309017
0.546000 0.248690
0.547000 0.187381
0.548000 0.125333
0.549000 0.062791
0.550000 -0.000000
0.551000 -0.062791
0.552000 -0.125333
0.553000 -0.187381
0.554000 -0.248690
0.555000 -0.309017
0.556000 -0.368125
0.557000 -0.425779
0.558000 -0.481754
0.559000 -0.535827
0.560000 -0.587785
0.561000 -0.637424
0.562000 -0.684547
0.563000 -0.728969
0.564000 -0.770513
0.565000 -0.809017
0.566000 -0.844328
0.567000 -0.876307
0.568000 -0.904827
0.569000 -0.929776
0.570000 -0.951057
0.571000 -0.968583
0.572000 -0.982287
0.573000 -0.992115
0.574000 -0.998027
0.575000 -1.000000
0.576000 -0.998027
0.577000 -0.992115
0.578000 -0.982287
0.579000 -0.968583
0.580000 -0.951057
0.581000 -0.929776
0.582000 -0.904827
0.583000 -0.876307
0.584000 -0.844328
0.585000 -0.809017
0.586000 -0.770513
0.587000 -0.728969
0.588000 -0.684547
0.589000 -0.637424
0.590000 -0.587785
0.591000 -0.535827
0.592000 -0.481754
0.593000 -0.425779
0.594000 -0.368125
0.595000 -0.309017
0.596000 -0.248690
0.597000 -0.187381
0.598000 -0.125333
0.599000 -0.062791
0.600000 -0.000000
0.601000 0.062791
0.602000 0.125333
0.603000 0.187381
0.604000 0.248690
0.605000 0.309017
0.606000 0.368125
0.607000 0.425779
0.608000 0.481754
0.609000 0.535827
0.610000 0.587785
0.611000 0.637424
0.612000 0.684547
0.613000 0.728969
0.614000 0.770513
0.615000 0.809017
0.616000 0.844328
0.617000 0.876307
0.618000 0.904827
0.619000 0.929776
0.620000 0.951057
0.621000 0.968583
0.622000 0.982287
0.623000 0.992115
0.624000 0.998027
0.625000 1.000000
0.626000 0.998027
0.627000 0.992115
0.628000 0.982287
0.629000 0.968583
0.630000 0.951057
0.631000 0.929776
0.632000 0.904827
0.633000 0.876307
0.634000 0.844328
0.635000 0.809017
0.636000 0.770513
0.637000 0.728969
0.638000 0.684547
0.639000 0.637424
0.640000 0.587785
0.641000 0.535827
0.642000 0.481754
0.643000 0.425779
0.644000 0.368125
0.645000 0.309017
0.646000 0.248690
0.647000 0.187381
0.648000 0.125333
0.649000 0.062791
0.650000 -0.000000
0.651000 -0.062791
0.652000 -0.125333
0.653000 -0.187381
0.654000 -0.248690
0.655000 -0.309017
0.656000 -0.368125
0.657000 -0.425779
0.658000 -0.481754
0.659000 -0.535827
0.660000 -0.587785
0.661000 -0.637424
0.662000 -0.684547
0.663000 -0.728969
0.664000 -0.770513
0.665000 -0.809017
0.666000 -0.844328
0.667000 -0.876307
0.668000 -0.904827
0.669000 -0.929776
0.670000 -0.951057
0.671000 -0.968583
0.672000 -0.982287
0.673000 -0.992115
0.674000 -0.998027
0.675000 -1.000000
0.676000 -0.998027
0.677000 -0.992115
0.678000 -0.982287
0.679000 -0.968583
0.680000 -0.951057
0.681000 -0.929776
0.682000 -0.904827
0.683000 -0.876307
0.684000 -0.844328
0.685000 -0.809017
0.686000 -0.770513
0.687000 -0.728969
0.688000 -0.684547
0.689000 -0.637424
0.690000 -0.587785
0.691000 -0.535827
0.692000 -0.481754
0.693000 -0.425779
0.694000 -0.368125
0.695000 -0.309017
0.696000 -0.248690
0.697000 -0.187381
0.698000 -0.125333
0.699000 -0.062791
0.700000 0.000000
0.701000 0.062791
0.702000 0.125333
0.703000 0.187381
0.704000 0.248690
0.705000 0.309017
0.706000 0.368125
0.707000 0.425779
0.708000 0.481754
0.709000 0.535827
0.710000 0.587785
0.711000 0.637424
0.712000 0.684547
0.713000 0.728969
0.714000 0.770513
0.715000 0.809017
0.716000 0.844328
0.717000 0.876307
0.718000 0.904827
0.719000 0.929776
0.720000 0.951057
0.721000 0.968583
0.722000 0.982287
0.723000 0.992115
0.724000 0.998027
0.725000 1.000000
0.726000 0.998027
0.727000 0.992115
0.728000 0.982287
0.729000 0.968583
0.730000 0.951057
0.731000 0.929776
0.732000 0.904827
0.733000 0.876307
0.734000 0.844328
0.735000 0.809017
0.736000 0.770513
0.737000 0.728969
0.738000 0.684547
0.739000 0.637424
0.740000 0.587785
0.741000 0.535827
0.742000 0.481754
0.743000 0.425779
0.744000 0.368125
0.745000 0.309017
0.746000 0.248690
0.747000 0.187381
0.748000 0.125333
0.749000 0.062791
0.750000 0.000000
0.751000 -0.062791
0.752000 -0.125333
0.753000 -0.187381
0.754000 -0.248690
0.755000 -0.309017
0.756000 -0.368125
0.757000 -0.425779
0.758000 -0.481754
0.759000 -0.535827
0.760000 -0.587785
0.761000 -0.637424
0.762000 -0.684547
0.763000 -0.728969
0.764000 -0.770513
0.765000 -0.809017
0.766000 -0.844328
0.767000 -0.876307
0.768000 -0.904827
0.769000 -0.929776
0.770000 -0.951057
0.771000 -0.968583
0.772000 -0.982287
0.773000 -0.992115
0.774000 -0.998027
0.775000 -1.000000
0.776000 -0.998027
0.777000 -0.992115
0.778000 -0.982287
0.779000 -0.968583
0.780000 -0.951057
0.781000 -0.929776
0.782000 -0.904827
0.783000 -0.876307
0.784000 -0.844328
0.785000 -0.809017
0.786000 -0.770513
0.787000 -0.728969
0.788000 -0.684547
0.789000 -0.637424
0.790000 -0.587785
0.791000 -0.535827
0.792000 -0.481754
0.793000 -0.425779
0.794000 -0.368125
0.795000 -0.309017
0.796000 -0.248690
0.797000 -0.187381
0.798000 -0.125333
0.799000 -0.062791
0.800000 -0.000000
0.801000 0.062791
0.802000 0.125333
0.803000 0.187381
0.804000 0.248690
0.805000 0.309017
0.806000 0.368125
0.807000 0.425779
0.808000 0.481754
0.809000 0.535827
0.810000 0.587785
0.811000 0.637424
0.812000 0.684547
0.813000 0.728969
0.814000 0.770513
0.815000 0.809017
0.816000 0.844328
0.817000 0.876307
0.818000 0.904827
0.819000 0.929776
0.820000 0.951057
0.821000 0.968583
0.822000 0.982287
0.823000 0.992115
0.824000 0.998027
0.825000 1.000000
0.826000 0.998027
0.827000 0.992115
0.828000 0.982287
0.829000 0.968583
0.830000 0.951057
0.831000 0.929776
0.832000 0.904827
0.833000 0.876307
0.834000 0.844328
0.835000 0.809017
0.836000 0.770513
0.837000 0.728969
0.838000 0.684547
0.839000 0.637424
0.840000 0.587785
0.841000 0.535827
0.842000 0.481754
0.843000 0.425779
0.844000 0.368125
0.845000 0.309017
0.846000 0.248690
0.847000 0.187381
0.848000 0.125333
0.849000 0.062791
0.850000 0.000000
0.851000 -0.062791
0.852000 -0.125333
0.853000 -0.187381
0.854000 -0.248690
0.855000 -0.309017
0.856000 -0.368125
0.857000 -0.425779
0.858000 -0.481754
0.859000 -0.535827
0.860000 -0.587785
0.861000 -0.637424
0.862000 -0.684547
0.863000 -0.728969
0.864000 -0.770513
0.865000 -0.809017
0.866000 -0.844328
0.867000 -0.876307
0.868000 -0.904827
0.869000 -0.929776
0.870000 -0.951057
0.871000 -0.968583
0.872000 -0.982287
0.873000 -0.992115
0.874000 -0.998027
0.875000 -1.000000
0.876000 -0.998027
0.877000 -0.992115
0.878000 -0.982287
0.879000 -0.968583
0.880000 -0.951057
0.881000 -0.929776
0.882000 -0.904827
0.883000 -0.876307
0.884000 -0.844328
0.885000 -0.809017
0.886000 -0.770513
0.887000 -0.728969
0.888000 -0.684547
0.889000 -0.637424
0.890000 -0.587785
0.891000 -0.535827
0.892000 -0.481754
0.893000 -0.425779
0.894000 -0.368125
0.895000 -0.309017
0.896000 -0.248690
0.897000 -0.187381
0.898000 -0.125333
0.899000 -0.062791
0.900000 -0.000000
0.901000 0.062791
0.902000 0.125333
0.903000 0.187381
0.904000 0.248690
0.905000 0.309017
0.906000 0.368125
0.907000 0.425779
0.908000 0.481754
0.909000 0.535827
0.910000 0.587785
0.911000 0.637424
0.912000 0.684547
0.913000 0.728969
0.914000 0.770513
0.915000 0.809017
0.916000 0.844328
0.917000 0.876307
0.918000 0.904827
0.919000 0.929776
0.920000 0.951057
0.921000 0.968583
0.922000 0.982287
0.923000 0.992115
0.924000 0.998027
0.925000 1.000000
0.926000 0.998027
0.927000 0.992115
0.928000 0.982287
0.929000 0.968583
0.930000 0.951057
0.931000 0.929776
0.932000 0.904827
0.933000 0.876307
0.934000 0.844328
0.935000 0.809017
0.936000 0.770513
0.937000 0.728969
0.938000 0.684547
0.939000 0.637424
0.940000 0.587785
0.941000 0.535827
0.942000 0.481754
0.943000 0.425779
0.944000 0.368125
0.945000 0.309017
0.946000 0.248690
0.947000 0.187381
0.948000 0.125333
0.949000 0.062791
0.950000 -0.000000
0.951000 -0.062791
0.952000 -0.125333
0.953000 -0.187381
0.954000 -0.248690
0.955000 -0.309017
0.956000 -0.368125
0.957000 -0.425779
0.958000 -0.481754
0.959000 -0.535827
0.960000 -0.587785
0.961000 -0.637424
0.962000 -0.684547
0.963000 -0.728969
0.964000 -0.770513
0.965000 -0.809017
0.966000 -0.844328
0.967000 -0.876307
0.968000 -0.904827
0.969000 -0.929776
0.970000 -0.951057
0.971000 -0.968583
0.972000 -0.982287
0.973000 -0.992115
0.974000 -0.998027
0.975000 -1.000000
0.976000 -0.998027
0.977000 -0.992115
0.978000 -0.982287
0.979000 -0.968583
0.980000 -0.951057
0.981000 -0.929776
0.982000 -0.904827
0.983000 -0.876307
0.984000 -0.844328
0.985000 -0.809017
0.986000 -0.770513
0.987000 -0.728969
0.988000 -0.684547
0.989000 -0.637424
0.990000 -0.587785
0.991000 -0.535827
0.992000 -0.481754
0.993000 -0.425779
0.994000 -0.368125
0.995000 -0.309017
0.996000 -0.248690
0.997000 -0.187381
0.998000 -0.125333
0.999000 -0.062791
1.000000 0.000000
1.001000 0.587785
1.002000 0.951057
1.003000 0.951057
1.004000 0.587785
1.005000 -0.000000
1.006000 -0.587785
1.007000 -0.951057
1.008000 -0.951057
1.009000 -0.587785
1.010000 -0.000000
1.011000 0.587785
1.012000 0.951057
1.013000 0.951057
1.014000 0.587785
1.015000 -0.000000
1.016000 -0.587785
1.017000 -0.951057
1.018000 -0.951057
1.019000 -0.587785
1.020000 -0.000000
1.021000 0.587785
1.022000 0.951057
1.023000 0.951057
1.024000 0.587785
1.025000 0.000000
1.026000 -0.587785
1.027000 -0.951057
1.028000 -0.951057
1.029000 -0.587785
1.030000 0.000000
1.031000 0.587785
1.032000 0.951057
1.033000 0.951057
1.034000 0.587785
1.035000 0.000000
1.036000 -0.587785
1.037000 -0.951057
1.038000 -0.951057
1.039000 -0.587785
1.040000 0.000000
1.041000 0.587785
1.042000 0.951057
1.043000 0.951057
1.044000 0.587785
1.045000 0.000000
1.046000 -0.587785
1.047000 -0.951057
1.048000 -0.951057
1.049000 -0.587785
1.050000 0.000000
1.051000 0.587785
1.052000 0.951057
1.053000 0.951057
1.054000 0.587785
1.055000 0.000000
1.056000 -0.587785
1.057000 -0.951057
1.058000 -0.951057
1.059000 -0.587785
1.060000 -0.000000
1.061000 0.587785
1.062000 0.951057
1.063000 0.951057
1.064000 0.587785
1.065000 0.000000
1.066000 -0.587785
1.067000 -0.951057
1.068000 -0.951057
1.069000 -0.587785
1.070000 0.000000
1.071000 0.587785
1.072000 0.951057
1.073000 0.951057
1.074000 0.587785
1.075000 0.000000
1.076000 -0.587785
1.077000 -0.951057
1.078000 -0.951057
1.079000 -0.587785
1.080000 0.000000
1.081000 0.587785
1.082000 0.951057
1.083000 0.951057
1.084000 0.587785
1.085000 0.000000
1.086000 -0.587785
1.087000 -0.951057
1.088000 -0.951057
1.089000 -0.587785
1.090000 0.000000
1.091000 0.587785
1.092000 0.951057
1.093000 0.951057
1.094000 0.587785
1.095000 -0.000000
1.096000 -0.587785
1.097000 -0.951057
1.098000 -0.951057
1.099000 -0.587785
1.100000 0.000000
1.101000 0.587785
1.102000 0.951057
1.103000 0.951057
1.104000 0.587785
1.105000 -0.000000
1.106000 -0.587785
1.107000 -0.951057
1.108000 -0.951057
1.109000 -0.587785
1.110000 0.000000
1.111000 0.587785
1.112000 0.951057
1.113000 0.951057
1.114000 0.587785
1.115000 0.000000
1.116000 -0.587785
1.117000 -0.951057
1.118000 -0.951057
1.119000 -0.587785
1.120000 0.000000
1.121000 0.587785
1.122000 0.951057
1.123000 0.951057
1.124000 0.587785
1.125000 0.000000
1.126000 -0.587785
1.127000 -0.951057
1.128000 -0.951057
1.129000 -0.587785
1.130000 0.000000
1.131000 0.587785
1.132000 0.951057
1.133000 0.951057
1.134000 0.587785
1.135000 -0.000000
1.136000 -0.587785
1.137000 -0.951057
1.138000 -0.951057
1.139000 -0.587785
1.140000 0.000000
1.141000 0.587785
1.142000 0.951057
1.143000 0.951057
1.144000 0.587785
1.145000 -0.000000
1.146000 -0.587785
1.147000 -0.951057
1.148000 -0.951057
1.149000 -0.587785
1.150000 0.000000
1.151000 0.587785
1.152000 0.951057
1.153000 0.951057
1.154000 0.587785
1.155000 -0.000000
1.156000 -0.587785
1.157000 -0.951057
1.158000 -0.951057
1.159000 -0.587785
1.160000 0.000000
1.161000 0.587785
1.162000 0.951057
1.163000 0.951057
1.164000 0.587785
1.165000 0.000000
1.166000 -0.587785
1.167000 -0.951057
1.168000 -0.951057
1.169000 -0.587785
1.170000 -0.000000
1.171000 0.587785
1.172000 0.951057
1.173000 0.951057
1.174000 0.587785
1.175000 -0.000000
1.176000 -0.587785
1.177000 -0.951057
1.178000 -0.951057
1.179000 -0.587785
1.180000 -0.000000
1.181000 0.587785
1.182000 0.951057
1.183000 0.951057
1.184000 0.587785
1.185000 -0.000000
1.186000 -0.587785
1.187000 -0.951057
1.188000 -0.951057
1.189000 -0.587785
1.190000 -0.000000
1.191000 0.587785
1.192000 0.951057
1.193000 0.951057
1.194000 0.587785
1.195000 -0.000000
1.196000 -0.587785
1.197000 -0.951057
1.198000 -0.951057
1.199000 -0.587785
1.200000 0.000000
1.201000 0.587785
1.202000 0.951057
1.203000 0.951057
1.204000 0.587785
1.205000 -0.000000
1.206000 -0.587785
1.207000 -0.951057
1.208000 -0.951057
1.209000 -0.587785
1.210000 0.000000
1.211000 0.587785
1.212000 0.951057
1.213000 0.951057
1.214000 0.587785
1.215000 -0.000000
1.216000 -0.587785
1.217000 -0.951057
1.218000 -0.951057
1.219000 -0.587785
1.220000 -0.000000
1.221000 0.587785
1.222000 0.951057
1.223000 0.951057
1.224000 0.587785
1.225000 -0.000000
1.226000 -0.587785
1.227000 -0.951057
1.228000 -0.951057
1.229000 -0.587785
1.230000 -0.000000
1.231000 0.587785
1.232000 0.951057
1.233000 0.951057
1.234000 0.587785
1.235000 -0.000000
1.236000 -0.587785
1.237000 -0.951057
1.238000 -0.951057
1.239000 -0.587785
1.240000 0.000000
1.241000 0.587785
1.242000 0.951057
1.243000 0.951057
1.244000 0.587785
1.245000 -0.000000
1.246000 -0.587785
1.247000 -0.951057
1.248000 -0.951057
1.249000 -0.587785
1.250000 0.000000
1.251000 0.587785
1.252000 0.951057
1.253000 0.951057
1.254000 0.587785
1.255000 -0.000000
1.256000 -0.587785
1.257000 -0.951057
1.258000 -0.951057
1.259000 -0.587785
1.260000 0.000000
1.261000 0.587785
1.262000 0.951057
1.263000 0.951057
1.264000 0.587785
1.265000 -0.000000
1.266000 -0.587785
1.267000 -0.951057
1.268000 -0.951057
1.269000 -0.587785
1.270000 -0.000000
1.271000 0.587785
1.272000 0.951057
1.273000 0.951057
1.274000 0.587785
1.275000 -0.000000
1.276000 -0.587785
1.277000 -0.951057
1.278000 -0.951057
1.279000 -0.587785
1.280000 -0.000000
1.281000 0.587785
1.282000 0.951057
1.283000 0.951057
1.284000 0.587785
1.285000 0.000000
1.286000 -0.587785
1.287000 -0.951057
1.288000 -0.951057
1.289000 -0.587785
1.290000 0.000000
1.291000 0.587785
1.292000 0.951057
1.293000 0.951057
1.294000 0.587785
1.295000 0.000000
1.296000 -0.587785
1.297000 -0.951057
1.298000 -0.951057
1.299000 -0.587785
1.300000 0.000000
1.301000 0.587785
1.302000 0.951057
1.303000 0.951057
1.304000 0.587785
1.305000 0.000000
1.306000 -0.587785
1.307000 -0.951057
1.308000 -0.951057
1.309000 -0.587785
1.310000 0.000000
1.311000 0.587785
1.312000 0.951057
1.313000 0.951057
1.314000 0.587785
1.315000 -0.000000
1.316000 -0.587785
1.317000 -0.951057
1.318000 -0.951057
1.319000 -0.587785
1.320000 -0.000000
1.321000 0.587785
1.322000 0.951057
1.323000 0.951057
1.324000 0.587785
1.325000 0.000000
1.326000 -0.587785
1.327000 -0.951057
1.328000 -0.951057
1.329000 -0.587785
1.330000 0.000000
1.331000 0.587785
1.332000 0.951057
1.333000 0.951057
1.334000 0.587785
1.335000 0.000000
1.336000 -0.587785
1.337000 -0.951057
1.338000 -0.951057
1.339000 -0.587785
1.340000 0.000000
1.341000 0.587785
1.342000 0.951057
1.343000 0.951057
1.344000 0.587785
1.345000 0.000000
1.346000 -0.587785
1.347000 -0.951057
1.348000 -0.951057
1.349000 -0.587785
1.350000 0.000000
1.351000 0.587785
1.352000 0.951057
1.353000 0.951057
1.354000 0.587785
1.355000 -0.000000
1.356000 -0.587785
1.357000 -0.951057
1.358000 -0.951057
1.359000 -0.587785
1.360000 0.000000
1.361000 0.587785
1.362000 0.951057
1.363000 0.951057
1.364000 0.587785
1.365000 -0.000000
1.366000 -0.587785
1.367000 -0.951057
1.368000 -0.951057
1.369000 -0.587785
1.370000 0.000000
1.371000 0.587785
1.372000 0.951057
1.373000 0.951057
1.374000 0.587785
1.375000 0.000000
1.376000 -0.587785
1.377000 -0.951057
1.378000 -0.951057
1.379000 -0.587785
1.380000 0.000000
1.381000 0.587785
1.382000 0.951057
1.383000 0.951057
1.384000 0.587785
1.385000 0.000000
1.386000 -0.587785
1.387000 -0.951057
1.388000 -0.951057
1.389000 -0.587785
1.390000 0.000000
1.391000 0.587785
1.392000 0.951057
1.393000 0.951057
1.394000 0.587785
1.395000 -0.000000
1.396000 -0.587785
1.397000 -0.951057
1.398000 -0.951057
1.399000 -0.587785
1.400000 0.000000
1.401000 0.587785
1.402000 0.951057
1.403000 0.951057
1.404000 0.587785
1.405000 -0.000000
1.406000 -0.587785
1.407000 -0.951057
1.408000 -0.951057
1.409000 -0.587785
1.410000 -0.000000
1.411000 0.587785
1.412000 0.951057
1.413000 0.951057
1.414000 0.587785
1.415000 -0.000000
1.416000 -0.587785
1.417000 -0.951057
1.418000 -0.951057
1.419000 -0.587785
1.420000 0.000000
1.421000 0.587785
1.422000 0.951057
1.423000 0.951057
1.424000 0.587785
1.425000 0.000000
1.426000 -0.587785
1.427000 -0.951057
1.428000 -0.951057
1.429000 -0.587785
1.430000 -0.000000
1.431000 0.587785
1.432000 0.951057
1.433000 0.951057
1.434000 0.587785
1.435000 -0.000000
1.436000 -0.587785
1.437000 -0.951057
1.438000 -0.951057
1.439000 -0.587785
1.440000 -0.000000
1.441000 0.587785
1.442000 0.951057
1.443000 0.951057
1.444000 0.587785
1.445000 -0.000000
1.446000 -0.587785
1.447000 -0.951057
1.448000 -0.951057
1.449000 -0.587785
1.450000 -0.000000
1.451000 0.587785
1.452000 0.951057
1.453000 0.951057
1.454000 0.587785
1.455000 -0.000000
1.456000 -0.587785
1.457000 -0.951057
1.458000 -0.951057
1.459000 -0.587785
1.460000 0.000000
1.461000 0.587785
1.462000 0.951057
1.463000 0.951057
1.464000 0.587785
1.465000 -0.000000
1.466000 -0.587785
1.467000 -0.951057
1.468000 -0.951057
1.469000 -0.587785
1.470000 0.000000
1.471000 0.587785
1.472000 0.951057
1.473000 0.951057
1.474000 0.587785
1.475000 -0.000000
1.476000 -0.587785
1.477000 -0.951057
1.478000 -0.951057
1.479000 -0.587785
1.480000 -0.000000
1.481000 0.587785
1.482000 0.951057
1.483000 0.951057
1.484000 0.587785
1.485000 -0.000000
1.486000 -0.587785
1.487000 -0.951057
1.488000 -0.951057
1.489000 -0.587785
1.490000 -0.000000
1.491000 0.587785
1.492000 0.951057
1.493000 0.951057
1.494000 0.587785
1.495000 -0.000000
1.496000 -0.587785
1.497000 -0.951057
1.498000 -0.951057
1.499000 -0.587785
1.500000 -0.000000
1.501000 0.587785
1.502000 0.951057
1.503000 0.951057
1.504000 0.587785
1.505000 -0.000000
1.506000 -0.587785
1.507000 -0.951057
1.508000 -0.951057
1.509000 -0.587785
1.510000 0.000000
1.511000 0.587785
1.512000 0.951057
1.513000 0.951057
1.514000 0.587785
1.515000 -0.000000
1.516000 -0.587785
1.517000 -0.951057
1.518000 -0.951057
1.519000 -0.587785
1.520000 0.000000
1.521000 0.587785
1.522000 0.951057
1.523000 0.951057
1.524000 0.587785
1.525000 -0.000000
1.526000 -0.587785
1.527000 -0.951057
1.528000 -0.951057
1.529000 -0.587785
1.530000 -0.000000
1.531000 0.587785
1.532000 0.951057
1.533000 0.951057
1.534000 0.587785
1.535000 -0.000000
1.536000 -0.587785
1.537000 -0.951057
1.538000 -0.951057
1.539000 -0.587785
1.540000 -0.000000
1.541000 0.587785
1.542000 0.951057
1.543000 0.951057
1.544000 0.587785
1.545000 0.000000
1.546000 -0.587785
1.547000 -0.951057
1.548000 -0.951057
1.549000 -0.587785
1.550000 0.000000
1.551000 0.587785
1.552000 0.951057
1.553000 0.951057
1.554000 0.587785
1.555000 0.000000
1.556000 -0.587785
1.557000 -0.951057
1.558000 -0.951057
1.559000 -0.587785
1.560000 0.000000
1.561000 0.587785
1.562000 0.951057
1.563000 0.951057
1.564000 0.587785
1.565000 0.000000
1.566000 -0.587785
1.567000 -0.951057
1.568000 -0.951057
1.569000 -0.587785
1.570000 0.000000
1.571000 0.587785
1.572000 0.951057
1.573000 0.951057
1.574000 0.587785
1.575000 -0.000000
1.576000 -0.587785
1.577000 -0.951057
1.578000 -0.951057
1.579000 -0.587785
1.580000 0.000000
1.581000 0.587785
1.582000 0.951057
1.583000 0.951057
1.584000 0.587785
1.585000 0.000000
1.586000 -0.587785
1.587000 -0.951057
1.588000 -0.951057
1.589000 -0.587785
1.590000 0.000000
1.591000 0.587785
1.592000 0.951057
1.593000 0.951057
1.594000 0.587785
1.595000 0.000000
1.596000 -0.587785
1.597000 -0.951057
1.598000 -0.951057
1.599000 -0.587785
1.600000 0.000000
1.601000 0.587785
1.602000 0.951057
1.603000 0.951057
1.604000 0.587785
1.605000 0.000000
1.606000 -0.587785
1.607000 -0.951057
1.608000 -0.951057
1.609000 -0.587785
1.610000 0.000000
1.611000 0.587785
1.612000 0.951057
1.613000 0.951057
1.614000 0.587785
1.615000 -0.000000
1.616000 -0.587785
1.617000 -0.951057
1.618000 -0.951057
1.619000 -0.587785
1.620000 0.000000
1.621000 0.587785
1.622000 0.951057
1.623000 0.951057
1.624000 0.587785
1.625000 -0.000000
1.626000 -0.587785
1.627000 -0.951057
1.628000 -0.951057
1.629000 -0.587785
1.630000 0.000000
1.631000 0.587785
1.632000 0.951057
1.633000 0.951057
1.634000 0.587785
1.635000 0.000000
1.636000 -0.587785
1.637000 -0.951057
1.638000 -0.951057
1.639000 -0.587785
1.640000 0.000000
1.641000 0.587785
1.642000 0.951057
1.643000 0.951057
1.644000 0.587785
1.645000 0.000000
1.646000 -0.587785
1.647000 -0.951057
1.648000 -0.951057
1.649000 -0.587785
1.650000 0.000000
1.651000 0.587785
1.652000 0.951057
1.653000 0.951057
1.654000 0.587785
1.655000 0.000000
1.656000 -0.587785
1.657000 -0.951057
1.658000 -0.951057
1.659000 -0.587785
1.660000 0.000000
1.661000 0.587785
1.662000 0.951057
1.663000 0.951057
1.664000 0.587785
1.665000 0.000000
1.666000 -0.587785
1.667000 -0.951057
1.668000 -0.951057
1.669000 -0.587785
1.670000 0.000000
1.671000 0.587785
1.672000 0.951057
1.673000 0.951057
1.674000 0.587785
1.675000 -0.000000
1.676000 -0.587785
1.677000 -0.951057
1.678000 -0.951057
1.679000 -0.587785
1.680000 0.000000
1.681000 0.587785
1.682000 0.951057
1.683000 0.951057
1.684000 0.587785
1.685000 -0.000000
1.686000 -0.587785
1.687000 -0.951057
1.688000 -0.951057
1.689000 -0.587785
1.690000 -0.000000
1.691000 0.587785
1.692000 0.951057
1.693000 0.951057
1.694000 0.587785
1.695000 -0.000000
1.696000 -0.587785
1.697000 -0.951057
1.698000 -0.951057
1.699000 -0.587785
1.700000 -0.000000
1.701000 0.587785
1.702000 0.951057
1.703000 0.951057
1.704000 0.587785
1.705000 -0.000000
1.706000 -0.587785
1.707000 -0.951057
1.708000 -0.951057
1.709000 -0.587785
1.710000 -0.000000
1.711000 0.587785
1.712000 0.951057
1.713000 0.951057
1.714000 0.587785
1.715000 -0.000000
1.716000 -0.587785
1.717000 -0.951057
1.718000 -0.951057
1.719000 -0.587785
1.720000 -0.000000
1.721000 0.587785
1.722000 0.951057
1.723000 0.951057
1.724000 0.587785
1.725000 -0.000000
1.726000 -0.587785
1.727000 -0.951057
1.728000 -0.951057
1.729000 -0.587785
1.730000 -0.000000
1.731000 0.587785
1.732000 0.951057
1.733000 0.951057
1.734000 0.587785
1.735000 -0.000000
1.736000 -0.587785
1.737000 -0.951057
1.738000 -0.951057
1.739000 -0.587785
1.740000 0.000000
1.741000 0.587785
1.742000 0.951057
1.743000 0.951057
1.744000 0.587785
1.745000 0.000000
1.746000 -0.587785
1.747000 -0.951057
1.748000 -0.951057
1.749000 -0.587785
1.750000 0.000000
1.751000 0.587785
1.752000 0.951057
1.753000 0.951057
1.754000 0.587785
1.755000 0.000000
1.756000 -0.587785
1.757000 -0.951057
1.758000 -0.951057
1.759000 -0.587785
1.760000 0.000000
1.761000 0.587785
1.762000 0.951057
1.763000 0.951057
1.764000 0.587785
1.765000 -0.000000
1.766000 -0.587785
1.767000 -0.951057
1.768000 -0.951057
1.769000 -0.587785
1.770000 0.000000
1.771000 0.587785
1.772000 0.951057
1.773000 0.951057
1.774000 0.587785
1.775000 -0.000000
1.776000 -0.587785
1.777000 -0.951057
1.778000 -0.951057
1.779000 -0.587785
1.780000 0.000000
1.781000 0.587785
1.782000 0.951057
1.783000 0.951057
1.784000 0.587785
1.785000 -0.000000
1.786000 -0.587785
1.787000 -0.951057
1.788000 -0.951057
1.789000 -0.587785
1.790000 0.000000
1.791000 0.587785
1.792000 0.951057
1.793000 0.951057
1.794000 0.587785
1.795000 0.000000
1.796000 -0.587785
1.797000 -0.951057
1.798000 -0.951057
1.799000 -0.587785
1.800000 -0.000000
1.801000 0.587785
1.802000 0.951057
1.803000 0.951057
1.804000 0.587785
1.805000 0.000000
1.806000 -0.587785
1.807000 -0.951057
1.808000 -0.951057
1.809000 -0.587785
1.810000 -0.000000
1.811000 0.587785
1.812000 0.951057
1.813000 0.951057
1.814000 0.587785
1.815000 -0.000000
1.816000 -0.587785
1.817000 -0.951057
1.818000 -0.951057
1.819000 -0.587785
1.820000 -0.000000
1.821000 0.587785
1.822000 0.951057
1.823000 0.951057
1.824000 0.587785
1.825000 -0.000000
1.826000 -0.587785
1.827000 -0.951057
1.828000 -0.951057
1.829000 -0.587785
1.830000 0.000000
1.831000 0.587785
1.832000 0.951057
1.833000 0.951057
1.834000 0.587785
1.835000 -0.000000
1.836000 -0.587785
1.837000 -0.951057
1.838000 -0.951057
1.839000 -0.587785
1.840000 0.000000
1.841000 0.587785
1.842000 0.951057
1.843000 0.951057
1.844000 0.587785
1.845000 -0.000000
1.846000 -0.587785
1.847000 -0.951057
1.848000 -0.951057
1.849000 -0.587785
1.850000 0.000000
1.851000 0.587785
1.852000 0.951057
1.853000 0.951057
1.854000 0.587785
1.855000 0.000000
1.856000 -0.587785
1.857000 -0.951057
1.858000 -0.951057
1.859000 -0.587785
1.860000 0.000000
1.861000 0.587785
1.862000 0.951057
1.863000 0.951057
1.864000 0.587785
1.865000 0.000000
1.866000 -0.587785
1.867000 -0.951057
1.868000 -0.951057
1.869000 -0.587785
1.870000 0.000000
1.871000 0.587785
1.872000 0.951057
1.873000 0.951057
1.874000 0.587785
1.875000 0.000000
1.876000 -0.587785
1.877000 -0.951057
1.878000 -0.951057
1.879000 -0.587785
1.880000 0.000000
1.881000 0.587785
1.882000 0.951057
1.883000 0.951057
1.884000 0.587785
1.885000 0.000000
1.886000 -0.587785
1.887000 -0.951057
1.888000 -0.951057
1.889000 -0.587785
1.890000 0.000000
1.891000 0.587785
1.892000 0.951057
1.893000 0.951057
1.894000 0.587785
1.895000 -0.000000
1.896000 -0.587785
1.897000 -0.951057
1.898000 -0.951057
1.899000 -0.587785
1.900000 -0.000000
1.901000 0.587785
1.902000 0.951057
1.903000 0.951057
1.904000 0.587785
1.905000 -0.000000
1.906000 -0.587785
1.907000 -0.951057
1.908000 -0.951057
1.909000 -0.587785
1.910000 0.000000
1.911000 0.587785
1.912000 0.951057
1.913000 0.951057
1.914000 0.587785
1.915000 -0.000000
1.916000 -0.587785
1.917000 -0.951057
1.918000 -0.951057
1.919000 -0.587785
1.920000 -0.000000
1.921000 0.587785
1.922000 0.951057
1.923000 0.951057
1.924000 0.587785
1.925000 -0.000000
1.926000 -0.587785
1.927000 -0.951057
1.928000 -0.951057
1.929000 -0.587785
1.930000 -0.000000
1.931000 0.587785
1.932000 0.951057
1.933000 0.951057
1.934000 0.587785
1.935000 -0.000000
1.936000 -0.587785
1.937000 -0.951057
1.938000 -0.951057
1.939000 -0.587785
1.940000 -0.000000
1.941000 0.587785
1.942000 0.951057
1.943000 0.951057
1.944000 0.587785
1.945000 -0.000000
1.946000 -0.587785
1.947000 -0.951057
1.948000 -0.951057
1.949000 -0.587785
1.950000 -0.000000
1.951000 0.587785
1.952000 0.951057
1.953000 0.951057
1.954000 0.587785
1.955000 0.000000
1.956000 -0.587785
1.957000 -0.951057
1.958000 -0.951057
1.959000 -0.587785
1.960000 0.000000
1.961000 0.587785
1.962000 0.951057
1.963000 0.951057
1.964000 0.587785
1.965000 0.000000
1.966000 -0.587785
1.967000 -0.951057
1.968000 -0.951057
1.969000 -0.587785
1.970000 0.000000
1.971000 0.587785
1.972000 0.951057
1.973000 0.951057
1.974000 0.587785
1.975000 -0.000000
1.976000 -0.587785
1.977000 -0.951057
1.978000 -0.951057
1.979000 -0.587785
1.980000 0.000000
1.981000 0.587785
1.982000 0.951057
1.983000 0.951057
1.984000 0.587785
1.985000 -0.000000
1.986000 -0.587785
1.987000 -0.951057
1.988000 -0.951057
1.989000 -0.587785
1.990000 0.000000
1.991000 0.587785
1.992000 0.951057
1.993000 0.951057
1.994000 0.587785
1.995000 -0.000000
1.996000 -0.587785
1.997000 -0.951057
1.998000 -0.951057
1.999000 -0.587785
2.000000 -0.000000
2.001000 0.012566
2.002000 0.025130
2.003000 0.037690
2.004000 0.050244
2.005000 0.062791
2.006000 0.075327
2.007000 0.087851
2.008000 0.100362
2.009000 0.112856
2.010000 0.125333
2.011000 0.137790
2.012000 0.150226
2.013000 0.162637
2.014000 0.175023
2.015000 0.187381
2.016000 0.199710
2.017000 0.212007
2.018000 0.224271
2.019000 0.236499
2.020000 0.248690
2.021000 0.260842
2.022000 0.272952
2.023000 0.285019
2.024000 0.297042
2.025000 0.309017
2.026000 0.320944
2.027000 0.332820
2.028000 0.344643
2.029000 0.356412
2.030000 0.368125
2.031000 0.379779
2.032000 0.391374
2.033000 0.402906
2.034000 0.414376
2.035000 0.425779
2.036000 0.437116
2.037000 0.448383
2.038000 0.459580
2.039000 0.470704
2.040000 0.481754
2.041000 0.492727
2.042000 0.503623
2.043000 0.514440
2.044000 0.525175
2.045000 0.535827
2.046000 0.546394
2.047000 0.556876
2.048000 0.567269
2.049000 0.577573
2.050000 0.587785
2.051000 0.597905
2.052000 0.607930
2.053000 0.617860
2.054000 0.627691
2.055000 0.637424
2.056000 0.647056
2.057000 0.656586
2.058000 0.666012
2.059000 0.675333
2.060000 0.684547
2.061000 0.693653
2.062000 0.702650
2.063000 0.711536
2.064000 0.720309
2.065000 0.728969
2.066000 0.737513
2.067000 0.745941
2.068000 0.754251
2.069000 0.762443
2.070000 0.770513
2.071000 0.778462
2.072000 0.786288
2.073000 0.793990
2.074000 0.801567
2.075000 0.809017
2.076000 0.816339
2.077000 0.823533
2.078000 0.830596
2.079000 0.837528
2.080000 0.844328
2.081000 0.850994
2.082000 0.857527
2.083000 0.863923
2.084000 0.870184
2.085000 0.876307
2.086000 0.882291
2.087000 0.888136
2.088000 0.893841
2.089000 0.899405
2.090000 0.904827
2.091000 0.910106
2.092000 0.915241
2.093000 0.920232
2.094000 0.925077
2.095000 0.929776
2.096000 0.934329
2.097000 0.938734
2.098000 0.942991
2.099000 0.947098
2.100000 0.951057
2.101000 0.954865
2.102000 0.958522
2.103000 0.962028
2.104000 0.965382
2.105000 0.968583
2.106000 0.971632
2.107000 0.974527
2.108000 0.977268
2.109000 0.979855
2.110000 0.982287
2.111000 0.984564
2.112000 0.986686
2.113000 0.988652
2.114000 0.990461
2.115000 0.992115
2.116000 0.993611
2.117000 0.994951
2.118000 0.996134
2.119000 0.997159
2.120000 0.998027
2.121000 0.998737
2.122000 0.999289
2.123000 0.999684
2.124000 0.999921
2.125000 1.000000
2.126000 0.999921
2.127000 0.999684
2.128000 0.999289
2.129000 0.998737
2.130000 0.998027
2.131000 0.997159
2.132000 0.996134
2.133000 0.994951
2.134000 0.993611
2.135000 0.992115
2.136000 0.990461
2.137000 0.988652
2.138000 0.986686
2.139000 0.984564
2.140000 0.982287
2.141000 0.979855
2.142000 0.977268
2.143000 0.974527
2.144000 0.971632
2.145000 0.968583
2.146000 0.965382
2.147000 0.962028
2.148000 0.958522
2.149000 0.954865
2.150000 0.951057
2.151000 0.947098
2.152000 0.942991
2.153000 0.938734
2.154000 0.934329
2.155000 0.929776
2.156000 0.925077
2.157000 0.920232
2.158000 0.915241
2.159000 0.910106
2.160000 0.904827
2.161000 0.899405
2.162000 0.893841
2.163000 0.888136
2.164000 0.882291
2.165000 0.876307
2.166000 0.870184
2.167000 0.863923
2.168000 0.857527
2.169000 0.850994
2.170000 0.844328
2.171000 0.837528
2.172000 0.830596
2.173000 0.823533
2.174000 0.816339
2.175000 0.809017
2.176000 0.801567
2.177000 0.793990
2.178000 0.786288
2.179000 0.778462
2.180000 0.770513
2.181000 0.762443
2.182000 0.754251
2.183000 0.745941
2.184000 0.737513
2.185000 0.728969
2.186000 0.720309
2.187000 0.711536
2.188000 0.702650
2.189000 0.693653
2.190000 0.684547
2.191000 0.675333
2.192000 0.666012
2.193000 0.656586
2.194000 0.647056
2.195000 0.637424
2.196000 0.627691
2.197000 0.617860
2.198000 0.607930
2.199000 0.597905
2.200000 0.587785
2.201000 0.577573
2.202000 0.567269
2.203000 0.556876
2.204000 0.546394
2.205000 0.535827
2.206000 0.525175
2.207000 0.514440
2.208000 0.503623
2.209000 0.492727
2.210000 0.481754
2.211000 0.470704
2.212000 0.459580
2.213000 0.448383
2.214000 0.437116
2.215000 0.425779
2.216000 0.414376
2.217000 0.402906
2.218000 0.391374
2.219000 0.379779
2.220000 0.368125
2.221000 0.356412
2.222000 0.344643
2.223000 0.332820
2.224000 0.320944
2.225000 0.309017
2.226000 0.297042
2.227000 0.285019
2.228000 0.272952
2.229000 0.260842
2.230000 0.248690
2.231000 0.236499
2.232000 0.224271
2.233000 0.212007
2.234000 0.199710
2.235000 0.187381
2.236000 0.175023
2.237000 0.162637
2.238000 0.150226
2.239000 0.137790
2.240000 0.125333
2.241000 0.112856
2.242000 0.100362
2.243000 0.087851
2.244000 0.075327
2.245000 0.062791
2.246000 0.050244
2.247000 0.037690
2.248000 0.025130
2.249000 0.012566
2.250000 0.000000
2.251000 -0.012566
2.252000 -0.025130
2.253000 -0.037690
2.254000 -0.050244
2.255000 -0.062791
2.256000 -0.075327
2.257000 -0.087851
2.258000 -0.100362
2.259000 -0.112856
2.260000 -0.125333
2.261000 -0.137790
2.262000 -0.150226
2.263000 -0.162637
2.264000 -0.175023
2.265000 -0.187381
2.266000 -0.199710
2.267000 -0.212007
2.268000 -0.224271
2.269000 -0.236499
2.270000 -0.248690
2.271000 -0.260842
2.272000 -0.272952
2.273000 -0.285019
2.274000 -0.297042
2.275000 -0.309017
2.276000 -0.320944
2.277000 -0.332820
2.278000 -0.344643
2.279000 -0.356412
2.280000 -0.368125
2.281000 -0.379779
2.282000 -0.391374
2.283000 -0.402906
2.284000 -0.414376
2.285000 -0.425779
2.286000 -0.437116
2.287000 -0.448383
2.288000 -0.459580
2.289000 -0.470704
2.290000 -0.481754
2.291000 -0.492727
2.292000 -0.503623
2.293000 -0.514440
2.294000 -0.525175
2.295000 -0.535827
2.296000 -0.546394
2.297000 -0.556876
2.298000 -0.567269
2.299000 -0.577573
2.300000 -0.587785
2.301000 -0.597905
2.302000 -0.607930
2.303000 -0.617860
2.304000 -0.627691
2.305000 -0.637424
2.306000 -0.647056
2.307000 -0.656586
2.308000 -0.666012
2.309000 -0.675333
2.310000 -0.684547
2.311000 -0.693653
2.312000 -0.702650
2.313000 -0.711536
2.314000 -0.720309
2.315000 -0.728969
2.316000 -0.737513
2.317000 -0.745941
2.318000 -0.754251
2.319000 -0.762443
2.320000 -0.770513
2.321000 -0.778462
2.322000 -0.786288
2.323000 -0.793990
2.324000 -0.801567
2.325000 -0.809017
2.326000 -0.816339
2.327000 -0.823533
2.328000 -0.830596
2.329000 -0.837528
2.330000 -0.844328
2.331000 -0.850994
2.332000 -0.857527
2.333000 -0.863923
2.334000 -0.870184
2.335000 -0.876307
2.336000 -0.882291
2.337000 -0.888136
2.338000 -0.893841
2.339000 -0.899405
2.340000 -0.904827
2.341000 -0.910106
2.342000 -0.915241
2.343000 -0.920232
2.344000 -0.925077
2.345000 -0.929776
2.346000 -0.934329
2.347000 -0.938734
2.348000 -0.942991
2.349000 -0.947098
2.350000 -0.951057
2.351000 -0.954865
2.352000 -0.958522
2.353000 -0.962028
2.354000 -0.965382
2.355000 -0.968583
2.356000 -0.971632
2.357000 -0.974527
2.358000 -0.977268
2.359000 -0.979855
2.360000 -0.982287
2.361000 -0.984564
2.362000 -0.986686
2.363000 -0.988652
2.364000 -0.990461
2.365000 -0.992115
2.366000 -0.993611
2.367000 -0.994951
2.368000 -0.996134
2.369000 -0.997159
2.370000 -0.998027
2.371000 -0.998737
2.372000 -0.999289
2.373000 -0.999684
2.374000 -0.999921
2.375000 -1.000000
2.376000 -0.999921
2.377000 -0.999684
2.378000 -0.999289
2.379000 -0.998737
2.380000 -0.998027
2.381000 -0.997159
2.382000 -0.996134
2.383000 -0.994951
2.384000 -0.993611
2.385000 -0.992115
2.386000 -0.990461
2.387000 -0.988652
2.388000 -0.986686
2.389000 -0.984564
2.390000 -0.982287
2.391000 -0.979855
2.392000 -0.977268
2.393000 -0.974527
2.394000 -0.971632
2.395000 -0.968583
2.396000 -0.965382
2.397000 -0.962028
2.398000 -0.958522
2.399000 -0.954865
2.400000 -0.951057
2.401000 -0.947098
2.402000 -0.942991
2.403000 -0.938734
2.404000 -0.934329
2.405000 -0.929776
2.406000 -0.925077
2.407000 -0.920232
2.408000 -0.915241
2.409000 -0.910106
2.410000 -0.904827
2.411000 -0.899405
2.412000 -0.893841
2.413000 -0.888136
2.414000 -0.882291
2.415000 -0.876307
2.416000 -0.870184
2.417000 -0.863923
2.418000 -0.857527
2.419000 -0.850994
2.420000 -0.844328
2.421000 -0.837528
2.422000 -0.830596
2.423000 -0.823533
2.424000 -0.816339
2.425000 -0.809017
2.426000 -0.801567
2.427000 -0.793990
2.428000 -0.786288
2.429000 -0.778462
2.430000 -0.770513
2.431000 -0.762443
2.432000 -0.754251
2.433000 -0.745941
2.434000 -0.737513
2.435000 -0.728969
2.436000 -0.720309
2.437000 -0.711536
2.438000 -0.702650
2.439000 -0.693653
2.440000 -0.684547
2.441000 -0.675333
2.442000 -0.666012
2.443000 -0.656586
2.444000 -0.647056
2.445000 -0.637424
2.446000 -0.627691
2.447000 -0.617860
2.448000 -0.607930
2.449000 -0.597905
2.450000 -0.587785
2.451000 -0.577573
2.452000 -0.567269
2.453000 -0.556876
2.454000 -0.546394
2.455000 -0.535827
2.456000 -0.525175
2.457000 -0.514440
2.458000 -0.503623
2.459000 -0.492727
2.460000 -0.481754
2.461000 -0.470704
2.462000 -0.459580
2.463000 -0.448383
2.464000 -0.437116
2.465000 -0.425779
2.466000 -0.414376
2.467000 -0.402906
2.468000 -0.391374
2.469000 -0.379779
2.470000 -0.368125
2.471000 -0.356412
2.472000 -0.344643
2.473000 -0.332820
2.474000 -0.320944
2.475000 -0.309017
2.476000 -0.297042
2.477000 -0.285019
2.478000 -0.272952
2.479000 -0.260842
2.480000 -0.248690
2.481000 -0.236499
2.482000 -0.224271
2.483000 -0.212007
2.484000 -0.199710
2.485000 -0.187381
2.486000 -0.175023
2.487000 -0.162637
2.488000 -0.150226
2.489000 -0.137790
2.490000 -0.125333
2.491000 -0.112856
2.492000 -0.100362
2.493000 -0.087851
2.494000 -0.075327
2.495000 -0.062791
2.496000 -0.050244
2.497000 -0.037690
2.498000 -0.025130
2.499000 -0.012566
2.500000 -0.000000
2.501000 0.012566
2.502000 0.025130
2.503000 0.037690
2.504000 0.050244
2.505000 0.062791
2.506000 0.075327
2.507000 0.087851
2.508000 0.100362
2.509000 0.112856
2.510000 0.125333
2.511000 0.137790
2.512000 0.150226
2.513000 0.162637
2.514000 0.175023
2.515000 0.187381
2.516000 0.199710
2.517000 0.212007
2.518000 0.224271
2.519000 0.236499
2.520000 0.248690
2.521000 0.260842
2.522000 0.272952
2.523000 0.285019
2.524000 0.297042
2.525000 0.309017
2.526000 0.320944
2.527000 0.332820
2.528000 0.344643
2.529000 0.356412
2.530000 0.368125
2.531000 0.379779
2.532000 0.391374
2.533000 0.402906
2.534000 0.414376
2.535000 0.425779
2.536000 0.437116
2.537000 0.448383
2.538000 0.459580
2.539000 0.470704
2.540000 0.481754
2.541000 0.492727
2.542000 0.503623
2.543000 0.514440
2.544000 0.525175
2.545000 0.535827
2.546000 0.546394
2.547000 0.556876
2.548000 0.567269
2.549000 0.577573
2.550000 0.587785
2.551000 0.597905
2.552000 0.607930
2.553000 0.617860
2.554000 0.627691
2.555000 0.637424
2.556000 0.647056
2.557000 0.656586
2.558000 0.666012
2.559000 0.675333
2.560000 0.684547
2.561000 0.693653
2.562000 0.702650
2.563000 0.711536
2.564000 0.720309
2.565000 0.728969
2.566000 0.737513
2.567000 0.745941
2.568000 0.754251
2.569000 0.762443
2.570000 0.770513
2.571000 0.778462
2.572000 0.786288
2.573000 0.793990
2.574000 0.801567
2.575000 0.809017
2.576000 0.816339
2.577000 0.823533
2.578000 0.830596
2.579000 0.837528
2.580000 0.844328
2.581000 0.850994
2.582000 0.857527
2.583000 0.863923
2.584000 0.870184
2.585000 0.876307
2.586000 0.882291
2.587000 0.888136
2.588000 0.893841
2.589000 0.899405
2.590000 0.904827
2.591000 0.910106
2.592000 0.915241
2.593000 0.920232
2.594000 0.925077
2.595000 0.929776
2.596000 0.934329
2.597000 0.938734
2.598000 0.942991
2.599000 0.947098
2.600000 0.951057
2.601000 0.954865
2.602000 0.958522
2.603000 0.962028
2.604000 0.965382
2.605000 0.968583
2.606000 0.971632
2.607000 0.974527
2.608000 0.977268
2.609000 0.979855
2.610000 0.982287
2.611000 0.984564
2.612000 0.986686
2.613000 0.988652
2.614000 0.990461
2.615000 0.992115
2.616000 0.993611
2.617000 0.994951
2.618000 0.996134
2.619000 0.997159
2.620000 0.998027
2.621000 0.998737
2.622000 0.999289
2.623000 0.999684
2.624000 0.999921
2.625000 1.000000
2.626000 0.999921
2.627000 0.999684
2.628000 0.999289
2.629000 0.998737
2.630000 0.998027
2.631000 0.997159
2.632000 0.996134
2.633000 0.994951
2.634000 0.993611
2.635000 0.992115
2.636000 0.990461
2.637000 0.988652
2.638000 0.986686
2.639000 0.984564
2.640000 0.982287
2.641000 0.979855
2.642000 0.977268
2.643000 0.974527
2.644000 0.971632
2.645000 0.968583
2.646000 0.965382
2.647000 0.962028
2.648000 0.958522
2.649000 0.954865
2.650000 0.951057
2.651000 0.947098
2.652000 0.942991
2.653000 0.938734
2.654000 0.934329
2.655000 0.929776
2.656000 0.925077
2.657000 0.920232
2.658000 0.915241
2.659000 0.910106
2.660000 0.904827
2.661000 0.899405
2.662000 0.893841
2.663000 0.888136
2.664000 0.882291
2.665000 0.876307
2.666000 0.870184
2.667000 0.863923
2.668000 0.857527
2.669000 0.850994
2.670000 0.844328
2.671000 0.837528
2.672000 0.830596
2.673000 0.823533
2.674000 0.816339
2.675000 0.809017
2.676000 0.801567
2.677000 0.793990
2.678000 0.786288
2.679000 0.778462
2.680000 0.770513
2.681000 0.762443
2.682000 0.754251
2.683000 0.745941
2.684000 0.737513
2.685000 0.728969
2.686000 0.720309
2.687000 0.711536
2.688000 0.702650
2.689000 0.693653
2.690000 0.684547
2.691000 0.675333
2.692000 0.666012
2.693000 0.656586
2.694000 0.647056
2.695000 0.637424
2.696000 0.627691
2.697000 0.617860
2.698000 0.607930
2.699000 0.597905
2.700000 0.587785
2.701000 0.577573
2.702000 0.567269
2.703000 0.556876
2.704000 0.546394
2.705000 0.535827
2.706000 0.525175
2.707000 0.514440
2.708000 0.503623
2.709000 0.492727
2.710000 0.481754
2.711000 0.470704
2.712000 0.459580
2.713000 0.448383
2.714000 0.437116
2.715000 0.425779
2.716000 0.414376
2.717000 0.402906
2.718000 0.391374
2.719000 0.379779
2.720000 0.368125
2.721000 0.356412
2.722000 0.344643
2.723000 0.332820
2.724000 0.320944
2.725000 0.309017
2.726000 0.297042
2.727000 0.285019
2.728000 0.272952
2.729000 0.260842
2.730000 0.248690
2.731000 0.236499
2.732000 0.224271
2.733000 0.212007
2.734000 0.199710
2.735000 0.187381
2.736000 0.175023
2.737000 0.162637
2.738000 0.150226
2.739000 0.137790
2.740000 0.125333
2.741000 0.112856
2.742000 0.100362
2.743000 0.087851
2.744000 0.075327
2.745000 0.062791
2.746000 0.050244
2.747000 0.037690
2.748000 0.025130
2.749000 0.012566
2.750000 0.000000
2.751000 -0.012566
2.752000 -0.025130
2.753000 -0.037690
2.754000 -0.050244
2.755000 -0.062791
2.756000 -0.075327
2.757000 -0.087851
2.758000 -0.100362
2.759000 -0.112856
2.760000 -0.125333
2.761000 -0.137790
2.762000 -0.150226
2.763000 -0.162637
2.764000 -0.175023
2.765000 -0.187381
2.766000 -0.199710
2.767000 -0.212007
2.768000 -0.224271
2.769000 -0.236499
2.770000 -0.248690
2.771000 -0.260842
2.772000 -0.272952
2.773000 -0.285019
2.774000 -0.297042
2.775000 -0.309017
2.776000 -0.320944
2.777000 -0.332820
2.778000 -0.344643
2.779000 -0.356412
2.780000 -0.368125
2.781000 -0.379779
2.782000 -0.391374
2.783000 -0.402906
2.784000 -0.414376
2.785000 -0.425779
2.786000 -0.437116
2.787000 -0.448383
2.788000 -0.459580
2.789000 -0.470704
2.790000 -0.481754
2.791000 -0.492727
2.792000 -0.503623
2.793000 -0.514440
2.794000 -0.525175
2.795000 -0.535827
2.796000 -0.546394
2.797000 -0.556876
2.798000 -0.567269
2.799000 -0.577573
2.800000 -0.587785
2.801000 -0.597905
2.802000 -0.607930
2.803000 -0.617860
2.804000 -0.627691
2.805000 -0.637424
2.806000 -0.647056
2.807000 -0.656586
2.808000 -0.666012
2.809000 -0.675333
2.810000 -0.684547
2.811000 -0.693653
2.812000 -0.702650
2.813000 -0.711536
2.814000 -0.720309
2.815000 -0.728969
2.816000 -0.737513
2.817000 -0.745941
2.818000 -0.754251
2.819000 -0.762443
2.820000 -0.770513
2.821000 -0.778462
2.822000 -0.786288
2.823000 -0.793990
2.824000 -0.801567
2.825000 -0.809017
2.826000 -0.816339
2.827000 -0.823533
2.828000 -0.830596
2.829000 -0.837528
2.830000 -0.844328
2.831000 -0.850994
2.832000 -0.857527
2.833000 -0.863923
2.834000 -0.870184
2.835000 -0.876307
2.836000 -0.882291
2.837000 -0.888136
2.838000 -0.893841
2.839000 -0.899405
2.840000 -0.904827
2.841000 -0.910106
2.842000 -0.915241
2.843000 -0.920232
2.844000 -0.925077
2.845000 -0.929776
2.846000 -0.934329
2.847000 -0.938734
2.848000 -0.942991
2.849000 -0.947098
2.850000 -0.951057
2.851000 -0.954865
2.852000 -0.958522
2.853000 -0.962028
2.854000 -0.965382
2.855000 -0.968583
2.856000 -0.971632
2.857000 -0.974527
2.858000 -0.977268
2.859000 -0.979855
2.860000 -0.982287
2.861000 -0.984564
2.862000 -0.986686
2.863000 -0.988652
2.864000 -0.990461
2.865000 -0.992115
2.866000 -0.993611
2.867000 -0.994951
2.868000 -0.996134
2.869000 -0.997159
2.870000 -0.998027
2.871000 -0.998737
2.872000 -0.999289
2.873000 -0.999684
2.874000 -0.999921
2.875000 -1.000000
2.876000 -0.999921
2.877000 -0.999684
2.878000 -0.999289
2.879000 -0.998737
2.880000 -0.998027
2.881000 -0.997159
2.882000 -0.996134
2.883000 -0.994951
2.884000 -0.993611
2.885000 -0.992115
2.886000 -0.990461
2.887000 -0.988652
2.888000 -0.986686
2.889000 -0.984564
2.890000 -0.982287
2.891000 -0.979855
2.892000 -0.977268
2.893000 -0.974527
2.894000 -0.971632
2.895000 -0.968583
2.896000 -0.965382
2.897000 -0.962028
2.898000 -0.958522
2.899000 -0.954865
2.900000 -0.951057
2.901000 -0.947098
2.902000 -0.942991
2.903000 -0.938734
2.904000 -0.934329
2.905000 -0.929776
2.906000 -0.925077
2.907000 -0.920232
2.908000 -0.915241
2.909000 -0.910106
2.910000 -0.904827
2.911000 -0.899405
2.912000 -0.893841
2.913000 -0.888136
2.914000 -0.882291
2.915000 -0.876307
2.916000 -0.870184
2.917000 -0.863923
2.918000 -0.857527
2.919000 -0.850994
2.920000 -0.844328
2.921000 -0.837528
2.922000 -0.830596
2.923000 -0.823533
2.924000 -0.816339
2.925000 -0.809017
2.926000 -0.801567
2.927000 -0.793990
2.928000 -0.786288
2.929000 -0.778462
2.930000 -0.770513
2.931000 -0.762443
2.932000 -0.754251
2.933000 -0.745941
2.934000 -0.737513
2.935000 -0.728969
2.936000 -0.720309
2.937000 -0.711536
2.938000 -0.702650
2.939000 -0.693653
2.940000 -0.684547
2.941000 -0.675333
2.942000 -0.666012
2.943000 -0.656586
2.944000 -0.647056
2.945000 -0.637424
2.946000 -0.627691
2.947000 -0.617860
2.948000 -0.607930
2.949000 -0.597905
2.950000 -0.587785
2.951000 -0.577573
2.952000 -0.567269
2.953000 -0.556876
2.954000 -0.546394
2.955000 -0.535827
2.956000 -0.525175
2.957000 -0.514440
2.958000 -0.503623
2.959000 -0.492727
2.960000 -0.481754
2.961000 -0.470704
2.962000 -0.459580
2.963000 -0.448383
2.964000 -0.437116
2.965000 -0.425779
2.966000 -0.414376
2.967000 -0.402906
2.968000 -0.391374
2.969000 -0.379779
2.970000 -0.368125
2.971000 -0.356412
2.972000 -0.344643
2.973000 -0.332820
2.974000 -0.320944
2.975000 -0.309017
2.976000 -0.297042
2.977000 -0.285019
2.978000 -0.272952
2.979000 -0.260842
2.980000 -0.248690
2.981000 -0.236499
2.982000 -0.224271
2.983000 -0.212007
2.984000 -0.199710
2.985000 -0.187381
2.986000 -0.175023
2.987000 -0.162637
2.988000 -0.150226
2.989000 -0.137790
2.990000 -0.125333
2.991000 -0.112856
2.992000 -0.100362
2.993000 -0.087851
2.994000 -0.075327
2.995000 -0.062791
2.996000 -0.050244
2.997000 -0.037690
2.998000 -0.025130
2.999000 -0.012566
